2024-05-24, 10:18:26.748914, 700000000, 705000000, 5000000.00, 4, -47.65
2024-05-24, 10:18:26.748914, 710000000, 715000000, 5000000.00, 4, -47.65
2024-05-24, 10:18:26.748914, 705000000, 710000000, 5000000.00, 4, -49.69
2024-05-24, 10:18:26.748914, 715000000, 720000000, 5000000.00, 4, -49.69
2024-05-24, 10:18:26.748914, 720000000, 725000000, 5000000.00, 4, -49.69
2024-05-24, 10:18:26.748914, 730000000, 735000000, 5000000.00, 4, -45.54
2024-05-24, 10:18:26.748914, 725000000, 730000000, 5000000.00, 4, -47.65
2024-05-24, 10:18:26.748914, 735000000, 740000000, 5000000.00, 4, -47.65
2024-05-24, 10:18:26.748914, 740000000, 745000000, 5000000.00, 4, -47.65
2024-05-24, 10:18:26.748914, 750000000, 755000000, 5000000.00, 4, -47.65
2024-05-24, 10:18:26.748914, 745000000, 750000000, 5000000.00, 4, -45.54
2024-05-24, 10:18:26.748914, 755000000, 760000000, 5000000.00, 4, -49.69
2024-05-24, 10:18:26.748914, 760000000, 765000000, 5000000.00, 4, -47.65
2024-05-24, 10:18:26.748914, 770000000, 775000000, 5000000.00, 4, -47.65
2024-05-24, 10:18:26.748914, 765000000, 770000000, 5000000.00, 4, -49.69
2024-05-24, 10:18:26.748914, 775000000, 780000000, 5000000.00, 4, -45.54
2024-05-24, 10:18:26.748914, 780000000, 785000000, 5000000.00, 4, -47.65
2024-05-24, 10:18:26.748914, 790000000, 795000000, 5000000.00, 4, -47.65
2024-05-24, 10:18:26.748914, 785000000, 790000000, 5000000.00, 4, -49.69
2024-05-24, 10:18:26.748914, 795000000, 800000000, 5000000.00, 4, -49.69
2024-05-24, 10:18:26.748914, 800000000, 805000000, 5000000.00, 4, -47.65
2024-05-24, 10:18:26.748914, 810000000, 815000000, 5000000.00, 4, -47.65
2024-05-24, 10:18:26.748914, 805000000, 810000000, 5000000.00, 4, -49.69
2024-05-24, 10:18:26.748914, 815000000, 820000000, 5000000.00, 4, -45.54
2024-05-24, 10:18:26.748914, 820000000, 825000000, 5000000.00, 4, -47.65
2024-05-24, 10:18:26.748914, 830000000, 835000000, 5000000.00, 4, -47.65
2024-05-24, 10:18:26.748914, 825000000, 830000000, 5000000.00, 4, -49.69
2024-05-24, 10:18:26.748914, 835000000, 840000000, 5000000.00, 4, -49.69
2024-05-24, 10:18:26.748914, 840000000, 845000000, 5000000.00, 4, -49.69
2024-05-24, 10:18:26.748914, 850000000, 855000000, 5000000.00, 4, -49.69
2024-05-24, 10:18:26.748914, 845000000, 850000000, 5000000.00, 4, -47.65
2024-05-24, 10:18:26.748914, 855000000, 860000000, 5000000.00, 4, -47.65
2024-05-24, 10:18:26.748914, 860000000, 865000000, 5000000.00, 4, -56.68
2024-05-24, 10:18:26.748914, 870000000, 875000000, 5000000.00, 4, -44.38
2024-05-24, 10:18:26.748914, 865000000, 870000000, 5000000.00, 4, -56.68
2024-05-24, 10:18:26.748914, 875000000, 880000000, 5000000.00, 4, -49.69
2024-05-24, 10:18:26.748914, 880000000, 885000000, 5000000.00, 4, -49.69
2024-05-24, 10:18:26.748914, 890000000, 895000000, 5000000.00, 4, -45.54
2024-05-24, 10:18:26.748914, 885000000, 890000000, 5000000.00, 4, -47.65
2024-05-24, 10:18:26.748914, 895000000, 900000000, 5000000.00, 4, -47.65
2024-05-24, 10:18:26.748914, 900000000, 905000000, 5000000.00, 4, -47.65
2024-05-24, 10:18:26.748914, 910000000, 915000000, 5000000.00, 4, -47.65
2024-05-24, 10:18:26.748914, 905000000, 910000000, 5000000.00, 4, -47.65
2024-05-24, 10:18:26.748914, 915000000, 920000000, 5000000.00, 4, -47.65
2024-05-24, 10:18:26.748914, 920000000, 925000000, 5000000.00, 4, -45.54
2024-05-24, 10:18:26.748914, 930000000, 935000000, 5000000.00, 4, -44.38
2024-05-24, 10:18:26.748914, 925000000, 930000000, 5000000.00, 4, -39.44
2024-05-24, 10:18:26.748914, 935000000, 940000000, 5000000.00, 4, -56.68
2024-05-24, 10:18:26.748914, 940000000, 945000000, 5000000.00, 4, -56.68
2024-05-24, 10:18:26.748914, 950000000, 955000000, 5000000.00, 4, -56.68
2024-05-24, 10:18:26.748914, 945000000, 950000000, 5000000.00, 4, -46.68
2024-05-24, 10:18:26.748914, 955000000, 960000000, 5000000.00, 4, -44.13
2024-05-24, 10:18:26.748914, 960000000, 965000000, 5000000.00, 4, -47.65
2024-05-24, 10:18:26.748914, 970000000, 975000000, 5000000.00, 4, -47.65
2024-05-24, 10:18:26.748914, 965000000, 970000000, 5000000.00, 4, -46.68
2024-05-24, 10:18:26.748914, 975000000, 980000000, 5000000.00, 4, -53.67
2024-05-24, 10:18:26.748914, 980000000, 985000000, 5000000.00, 4, -33.16
2024-05-24, 10:18:26.748914, 990000000, 995000000, 5000000.00, 4, -38.05
2024-05-24, 10:18:26.748914, 985000000, 990000000, 5000000.00, 4, -22.23
2024-05-24, 10:18:26.748914, 995000000, 1000000000, 5000000.00, 4, -13.87
2024-05-24, 10:18:26.748914, 1000000000, 1005000000, 5000000.00, 4, -14.35
2024-05-24, 10:18:26.748914, 1010000000, 1015000000, 5000000.00, 4, -21.53
2024-05-24, 10:18:26.748914, 1005000000, 1010000000, 5000000.00, 4, -39.44
2024-05-24, 10:18:26.748914, 1015000000, 1020000000, 5000000.00, 4, -32.45
2024-05-24, 10:18:26.748914, 1020000000, 1025000000, 5000000.00, 4, -49.69
2024-05-24, 10:18:26.748914, 1030000000, 1035000000, 5000000.00, 4, -49.69
2024-05-24, 10:18:26.748914, 1025000000, 1030000000, 5000000.00, 4, -47.65
2024-05-24, 10:18:26.748914, 1035000000, 1040000000, 5000000.00, 4, -47.65
2024-05-24, 10:18:26.748914, 1040000000, 1045000000, 5000000.00, 4, -49.69
2024-05-24, 10:18:26.748914, 1050000000, 1055000000, 5000000.00, 4, -49.69
2024-05-24, 10:18:26.748914, 1045000000, 1050000000, 5000000.00, 4, -49.69
2024-05-24, 10:18:26.748914, 1055000000, 1060000000, 5000000.00, 4, -49.69
2024-05-24, 10:18:26.748914, 1060000000, 1065000000, 5000000.00, 4, -45.54
2024-05-24, 10:18:26.748914, 1070000000, 1075000000, 5000000.00, 4, -49.69
2024-05-24, 10:18:26.748914, 1065000000, 1070000000, 5000000.00, 4, -49.69
2024-05-24, 10:18:26.748914, 1075000000, 1080000000, 5000000.00, 4, -45.54
2024-05-24, 10:18:26.748914, 1080000000, 1085000000, 5000000.00, 4, -53.67
2024-05-24, 10:18:26.748914, 1090000000, 1095000000, 5000000.00, 4, -53.67
2024-05-24, 10:18:26.748914, 1085000000, 1090000000, 5000000.00, 4, -47.14
2024-05-24, 10:18:26.748914, 1095000000, 1100000000, 5000000.00, 4, -49.69
2024-05-24, 10:18:26.748914, 1100000000, 1105000000, 5000000.00, 4, -49.69
2024-05-24, 10:18:26.748914, 1110000000, 1115000000, 5000000.00, 4, -49.69
2024-05-24, 10:18:26.748914, 1105000000, 1110000000, 5000000.00, 4, -45.54
2024-05-24, 10:18:26.748914, 1115000000, 1120000000, 5000000.00, 4, -49.69
2024-05-24, 10:18:26.748914, 1120000000, 1125000000, 5000000.00, 4, -47.65
2024-05-24, 10:18:26.748914, 1130000000, 1135000000, 5000000.00, 4, -47.65
2024-05-24, 10:18:26.748914, 1125000000, 1130000000, 5000000.00, 4, -45.54
2024-05-24, 10:18:26.748914, 1135000000, 1140000000, 5000000.00, 4, -49.69
2024-05-24, 10:18:26.748914, 1140000000, 1145000000, 5000000.00, 4, -47.65
2024-05-24, 10:18:26.748914, 1150000000, 1155000000, 5000000.00, 4, -47.65
2024-05-24, 10:18:26.748914, 1145000000, 1150000000, 5000000.00, 4, -47.65
2024-05-24, 10:18:26.748914, 1155000000, 1160000000, 5000000.00, 4, -47.65
2024-05-24, 10:18:26.748914, 1160000000, 1165000000, 5000000.00, 4, -49.69
2024-05-24, 10:18:26.748914, 1170000000, 1175000000, 5000000.00, 4, -49.69
2024-05-24, 10:18:26.748914, 1165000000, 1170000000, 5000000.00, 4, -47.65
2024-05-24, 10:18:26.748914, 1175000000, 1180000000, 5000000.00, 4, -47.65
2024-05-24, 10:18:26.748914, 1180000000, 1185000000, 5000000.00, 4, -47.65
2024-05-24, 10:18:26.748914, 1190000000, 1195000000, 5000000.00, 4, -47.65
2024-05-24, 10:18:26.748914, 1185000000, 1190000000, 5000000.00, 4, -49.69
2024-05-24, 10:18:26.748914, 1195000000, 1200000000, 5000000.00, 4, -49.69
2024-05-24, 10:18:26.748914, 1200000000, 1205000000, 5000000.00, 4, -47.65
2024-05-24, 10:18:26.748914, 1210000000, 1215000000, 5000000.00, 4, -47.65
2024-05-24, 10:18:26.748914, 1205000000, 1210000000, 5000000.00, 4, -45.54
2024-05-24, 10:18:26.748914, 1215000000, 1220000000, 5000000.00, 4, -49.69
2024-05-24, 10:18:26.748914, 1220000000, 1225000000, 5000000.00, 4, -47.65
2024-05-24, 10:18:26.748914, 1230000000, 1235000000, 5000000.00, 4, -47.65
2024-05-24, 10:18:26.748914, 1225000000, 1230000000, 5000000.00, 4, -46.68
2024-05-24, 10:18:26.748914, 1235000000, 1240000000, 5000000.00, 4, -46.68
2024-05-24, 10:18:26.748914, 1240000000, 1245000000, 5000000.00, 4, -47.65
2024-05-24, 10:18:26.748914, 1250000000, 1255000000, 5000000.00, 4, -47.65
2024-05-24, 10:18:26.748914, 1245000000, 1250000000, 5000000.00, 4, -45.54
2024-05-24, 10:18:26.748914, 1255000000, 1260000000, 5000000.00, 4, -49.69
2024-05-24, 10:18:26.748914, 1260000000, 1265000000, 5000000.00, 4, -47.65
2024-05-24, 10:18:26.748914, 1270000000, 1275000000, 5000000.00, 4, -47.65
2024-05-24, 10:18:26.748914, 1265000000, 1270000000, 5000000.00, 4, -47.65
2024-05-24, 10:18:26.748914, 1275000000, 1280000000, 5000000.00, 4, -47.65
2024-05-24, 10:18:26.748914, 1280000000, 1285000000, 5000000.00, 4, -47.65
2024-05-24, 10:18:26.748914, 1290000000, 1295000000, 5000000.00, 4, -47.65
2024-05-24, 10:18:26.748914, 1285000000, 1290000000, 5000000.00, 4, -47.65
2024-05-24, 10:18:26.748914, 1295000000, 1300000000, 5000000.00, 4, -47.65
2024-05-24, 10:18:26.748914, 1300000000, 1305000000, 5000000.00, 4, -47.65
2024-05-24, 10:18:26.748914, 1310000000, 1315000000, 5000000.00, 4, -47.65
2024-05-24, 10:18:26.748914, 1305000000, 1310000000, 5000000.00, 4, -47.65
2024-05-24, 10:18:26.748914, 1315000000, 1320000000, 5000000.00, 4, -47.65
2024-05-24, 10:18:26.748914, 1320000000, 1325000000, 5000000.00, 4, -47.65
2024-05-24, 10:18:26.748914, 1330000000, 1335000000, 5000000.00, 4, -47.65
2024-05-24, 10:18:26.748914, 1325000000, 1330000000, 5000000.00, 4, -45.54
2024-05-24, 10:18:26.748914, 1335000000, 1340000000, 5000000.00, 4, -49.69
2024-05-24, 10:18:26.748914, 1340000000, 1345000000, 5000000.00, 4, -49.69
2024-05-24, 10:18:26.748914, 1350000000, 1355000000, 5000000.00, 4, -49.69
2024-05-24, 10:18:26.748914, 1345000000, 1350000000, 5000000.00, 4, -47.65
2024-05-24, 10:18:26.748914, 1355000000, 1360000000, 5000000.00, 4, -47.65
2024-05-24, 10:18:26.748914, 1360000000, 1365000000, 5000000.00, 4, -47.65
2024-05-24, 10:18:26.748914, 1370000000, 1375000000, 5000000.00, 4, -47.65
2024-05-24, 10:18:26.748914, 1365000000, 1370000000, 5000000.00, 4, -47.65
2024-05-24, 10:18:26.748914, 1375000000, 1380000000, 5000000.00, 4, -47.65
2024-05-24, 10:18:26.748914, 1380000000, 1385000000, 5000000.00, 4, -47.65
2024-05-24, 10:18:26.748914, 1390000000, 1395000000, 5000000.00, 4, -47.65
2024-05-24, 10:18:26.748914, 1385000000, 1390000000, 5000000.00, 4, -47.65
2024-05-24, 10:18:26.748914, 1395000000, 1400000000, 5000000.00, 4, -47.65
2024-05-24, 10:18:26.748914, 1400000000, 1405000000, 5000000.00, 4, -49.69
2024-05-24, 10:18:26.748914, 1410000000, 1415000000, 5000000.00, 4, -45.54
2024-05-24, 10:18:26.748914, 1405000000, 1410000000, 5000000.00, 4, -47.65
2024-05-24, 10:18:26.748914, 1415000000, 1420000000, 5000000.00, 4, -47.65
2024-05-24, 10:18:26.748914, 1420000000, 1425000000, 5000000.00, 4, -49.69
2024-05-24, 10:18:26.748914, 1430000000, 1435000000, 5000000.00, 4, -45.54
2024-05-24, 10:18:26.748914, 1425000000, 1430000000, 5000000.00, 4, -49.69
2024-05-24, 10:18:26.748914, 1435000000, 1440000000, 5000000.00, 4, -49.69
2024-05-24, 10:18:26.748914, 1440000000, 1445000000, 5000000.00, 4, -47.65
2024-05-24, 10:18:26.748914, 1450000000, 1455000000, 5000000.00, 4, -47.65
2024-05-24, 10:18:26.748914, 1445000000, 1450000000, 5000000.00, 4, -46.68
2024-05-24, 10:18:26.748914, 1455000000, 1460000000, 5000000.00, 4, -46.68
2024-05-24, 10:18:26.748914, 1460000000, 1465000000, 5000000.00, 4, -50.66
2024-05-24, 10:18:26.748914, 1470000000, 1475000000, 5000000.00, 4, -43.67
2024-05-24, 10:18:26.748914, 1465000000, 1470000000, 5000000.00, 4, -45.54
2024-05-24, 10:18:26.748914, 1475000000, 1480000000, 5000000.00, 4, -49.69
2024-05-24, 10:18:26.748914, 1480000000, 1485000000, 5000000.00, 4, -46.68
2024-05-24, 10:18:26.748914, 1490000000, 1495000000, 5000000.00, 4, -53.67
2024-05-24, 10:18:26.748914, 1485000000, 1490000000, 5000000.00, 4, -49.69
2024-05-24, 10:18:26.748914, 1495000000, 1500000000, 5000000.00, 4, -45.54
2024-05-24, 10:18:26.748914, 1500000000, 1505000000, 5000000.00, 4, -49.69
2024-05-24, 10:18:26.748914, 1510000000, 1515000000, 5000000.00, 4, -49.69
2024-05-24, 10:18:26.748914, 1505000000, 1510000000, 5000000.00, 4, -49.69
2024-05-24, 10:18:26.748914, 1515000000, 1520000000, 5000000.00, 4, -47.14
2024-05-24, 10:18:26.748914, 1520000000, 1525000000, 5000000.00, 4, -47.65
2024-05-24, 10:18:26.748914, 1530000000, 1535000000, 5000000.00, 4, -47.65
2024-05-24, 10:18:26.748914, 1525000000, 1530000000, 5000000.00, 4, -47.65
2024-05-24, 10:18:26.748914, 1535000000, 1540000000, 5000000.00, 4, -47.65
2024-05-24, 10:18:26.748914, 1540000000, 1545000000, 5000000.00, 4, -49.69
2024-05-24, 10:18:26.748914, 1550000000, 1555000000, 5000000.00, 4, -49.69
2024-05-24, 10:18:26.748914, 1545000000, 1550000000, 5000000.00, 4, -46.68
2024-05-24, 10:18:26.748914, 1555000000, 1560000000, 5000000.00, 4, -46.68
2024-05-24, 10:18:26.748914, 1560000000, 1565000000, 5000000.00, 4, -53.67
2024-05-24, 10:18:26.748914, 1570000000, 1575000000, 5000000.00, 4, -46.68
2024-05-24, 10:18:26.748914, 1565000000, 1570000000, 5000000.00, 4, -45.54
2024-05-24, 10:18:26.748914, 1575000000, 1580000000, 5000000.00, 4, -49.69
2024-05-24, 10:18:26.748914, 1580000000, 1585000000, 5000000.00, 4, -49.69
2024-05-24, 10:18:26.748914, 1590000000, 1595000000, 5000000.00, 4, -49.69
2024-05-24, 10:18:26.748914, 1585000000, 1590000000, 5000000.00, 4, -45.54
2024-05-24, 10:18:26.748914, 1595000000, 1600000000, 5000000.00, 4, -49.69
2024-05-24, 10:18:26.748914, 1600000000, 1605000000, 5000000.00, 4, -47.65
2024-05-24, 10:18:26.748914, 1610000000, 1615000000, 5000000.00, 4, -47.65
2024-05-24, 10:18:26.748914, 1605000000, 1610000000, 5000000.00, 4, -47.65
2024-05-24, 10:18:26.748914, 1615000000, 1620000000, 5000000.00, 4, -47.65
2024-05-24, 10:18:26.748914, 1620000000, 1625000000, 5000000.00, 4, -49.69
2024-05-24, 10:18:26.748914, 1630000000, 1635000000, 5000000.00, 4, -49.69
2024-05-24, 10:18:26.748914, 1625000000, 1630000000, 5000000.00, 4, -53.67
2024-05-24, 10:18:26.748914, 1635000000, 1640000000, 5000000.00, 4, -53.67
2024-05-24, 10:18:26.748914, 1640000000, 1645000000, 5000000.00, 4, -47.65
2024-05-24, 10:18:26.748914, 1650000000, 1655000000, 5000000.00, 4, -47.65
2024-05-24, 10:18:26.748914, 1645000000, 1650000000, 5000000.00, 4, -47.65
2024-05-24, 10:18:26.748914, 1655000000, 1660000000, 5000000.00, 4, -47.65
2024-05-24, 10:18:26.748914, 1660000000, 1665000000, 5000000.00, 4, -47.65
2024-05-24, 10:18:26.748914, 1670000000, 1675000000, 5000000.00, 4, -47.65
2024-05-24, 10:18:26.748914, 1665000000, 1670000000, 5000000.00, 4, -47.65
2024-05-24, 10:18:26.748914, 1675000000, 1680000000, 5000000.00, 4, -47.65
2024-05-24, 10:18:26.748914, 1680000000, 1685000000, 5000000.00, 4, -47.65
2024-05-24, 10:18:26.748914, 1690000000, 1695000000, 5000000.00, 4, -47.65
2024-05-24, 10:18:26.748914, 1685000000, 1690000000, 5000000.00, 4, -47.65
2024-05-24, 10:18:26.748914, 1695000000, 1700000000, 5000000.00, 4, -47.65
2024-05-24, 10:18:26.748914, 1700000000, 1705000000, 5000000.00, 4, -47.65
2024-05-24, 10:18:26.748914, 1710000000, 1715000000, 5000000.00, 4, -50.66
2024-05-24, 10:18:26.748914, 1705000000, 1710000000, 5000000.00, 4, -49.69
2024-05-24, 10:18:26.748914, 1715000000, 1720000000, 5000000.00, 4, -49.69
2024-05-24, 10:18:26.748914, 1720000000, 1725000000, 5000000.00, 4, -49.69
2024-05-24, 10:18:26.748914, 1730000000, 1735000000, 5000000.00, 4, -45.54
2024-05-24, 10:18:26.748914, 1725000000, 1730000000, 5000000.00, 4, -49.69
2024-05-24, 10:18:26.748914, 1735000000, 1740000000, 5000000.00, 4, -49.69
2024-05-24, 10:18:26.748914, 1740000000, 1745000000, 5000000.00, 4, -47.65
2024-05-24, 10:18:26.748914, 1750000000, 1755000000, 5000000.00, 4, -47.65
2024-05-24, 10:18:26.748914, 1745000000, 1750000000, 5000000.00, 4, -49.69
2024-05-24, 10:18:26.748914, 1755000000, 1760000000, 5000000.00, 4, -45.54
2024-05-24, 10:18:26.748914, 1760000000, 1765000000, 5000000.00, 4, -49.69
2024-05-24, 10:18:26.748914, 1770000000, 1775000000, 5000000.00, 4, -49.69
2024-05-24, 10:18:26.748914, 1765000000, 1770000000, 5000000.00, 4, -47.65
2024-05-24, 10:18:26.748914, 1775000000, 1780000000, 5000000.00, 4, -47.65
2024-05-24, 10:18:26.748914, 1780000000, 1785000000, 5000000.00, 4, -47.65
2024-05-24, 10:18:26.748914, 1790000000, 1795000000, 5000000.00, 4, -47.65
2024-05-24, 10:18:26.748914, 1785000000, 1790000000, 5000000.00, 4, -47.65
2024-05-24, 10:18:26.748914, 1795000000, 1800000000, 5000000.00, 4, -47.65
2024-05-24, 10:18:26.748914, 1800000000, 1805000000, 5000000.00, 4, -49.69
2024-05-24, 10:18:26.748914, 1810000000, 1815000000, 5000000.00, 4, -45.54
2024-05-24, 10:18:26.748914, 1805000000, 1810000000, 5000000.00, 4, -56.68
2024-05-24, 10:18:26.748914, 1815000000, 1820000000, 5000000.00, 4, -49.69
2024-05-24, 10:18:26.748914, 1820000000, 1825000000, 5000000.00, 4, -53.67
2024-05-24, 10:18:26.748914, 1830000000, 1835000000, 5000000.00, 4, -46.68
2024-05-24, 10:18:26.748914, 1825000000, 1830000000, 5000000.00, 4, -44.13
2024-05-24, 10:18:26.748914, 1835000000, 1840000000, 5000000.00, 4, -39.69
2024-05-24, 10:18:26.748914, 1840000000, 1845000000, 5000000.00, 4, -44.64
2024-05-24, 10:18:26.748914, 1850000000, 1855000000, 5000000.00, 4, -50.66
2024-05-24, 10:18:26.748914, 1845000000, 1850000000, 5000000.00, 4, -49.69
2024-05-24, 10:18:26.748914, 1855000000, 1860000000, 5000000.00, 4, -44.38
2024-05-24, 10:18:26.748914, 1860000000, 1865000000, 5000000.00, 4, -47.14
2024-05-24, 10:18:26.748914, 1870000000, 1875000000, 5000000.00, 4, -44.38
2024-05-24, 10:18:26.748914, 1865000000, 1870000000, 5000000.00, 4, -47.14
2024-05-24, 10:18:26.748914, 1875000000, 1880000000, 5000000.00, 4, -42.06
2024-05-24, 10:18:26.748914, 1880000000, 1885000000, 5000000.00, 4, -47.65
2024-05-24, 10:18:26.748914, 1890000000, 1895000000, 5000000.00, 4, -47.65
2024-05-24, 10:18:26.748914, 1885000000, 1890000000, 5000000.00, 4, -49.69
2024-05-24, 10:18:26.748914, 1895000000, 1900000000, 5000000.00, 4, -49.69
