2024-05-24, 10:18:36.941077, 700000000, 705000000, 5000000.00, 4, -47.65
2024-05-24, 10:18:36.941077, 710000000, 715000000, 5000000.00, 4, -47.65
2024-05-24, 10:18:36.941077, 705000000, 710000000, 5000000.00, 4, -49.69
2024-05-24, 10:18:36.941077, 715000000, 720000000, 5000000.00, 4, -45.54
2024-05-24, 10:18:36.941077, 720000000, 725000000, 5000000.00, 4, -47.65
2024-05-24, 10:18:36.941077, 730000000, 735000000, 5000000.00, 4, -47.65
2024-05-24, 10:18:36.941077, 725000000, 730000000, 5000000.00, 4, -47.65
2024-05-24, 10:18:36.941077, 735000000, 740000000, 5000000.00, 4, -47.65
2024-05-24, 10:18:36.941077, 740000000, 745000000, 5000000.00, 4, -47.65
2024-05-24, 10:18:36.941077, 750000000, 755000000, 5000000.00, 4, -47.65
2024-05-24, 10:18:36.941077, 745000000, 750000000, 5000000.00, 4, -47.65
2024-05-24, 10:18:36.941077, 755000000, 760000000, 5000000.00, 4, -47.65
2024-05-24, 10:18:36.941077, 760000000, 765000000, 5000000.00, 4, -46.68
2024-05-24, 10:18:36.941077, 770000000, 775000000, 5000000.00, 4, -46.68
2024-05-24, 10:18:36.941077, 765000000, 770000000, 5000000.00, 4, -47.65
2024-05-24, 10:18:36.941077, 775000000, 780000000, 5000000.00, 4, -47.65
2024-05-24, 10:18:36.941077, 780000000, 785000000, 5000000.00, 4, -47.65
2024-05-24, 10:18:36.941077, 790000000, 795000000, 5000000.00, 4, -47.65
2024-05-24, 10:18:36.941077, 785000000, 790000000, 5000000.00, 4, -47.65
2024-05-24, 10:18:36.941077, 795000000, 800000000, 5000000.00, 4, -47.65
2024-05-24, 10:18:36.941077, 800000000, 805000000, 5000000.00, 4, -47.65
2024-05-24, 10:18:36.941077, 810000000, 815000000, 5000000.00, 4, -47.65
2024-05-24, 10:18:36.941077, 805000000, 810000000, 5000000.00, 4, -49.69
2024-05-24, 10:18:36.941077, 815000000, 820000000, 5000000.00, 4, -45.54
2024-05-24, 10:18:36.941077, 820000000, 825000000, 5000000.00, 4, -49.69
2024-05-24, 10:18:36.941077, 830000000, 835000000, 5000000.00, 4, -45.54
2024-05-24, 10:18:36.941077, 825000000, 830000000, 5000000.00, 4, -45.54
2024-05-24, 10:18:36.941077, 835000000, 840000000, 5000000.00, 4, -49.69
2024-05-24, 10:18:36.941077, 840000000, 845000000, 5000000.00, 4, -47.65
2024-05-24, 10:18:36.941077, 850000000, 855000000, 5000000.00, 4, -47.65
2024-05-24, 10:18:36.941077, 845000000, 850000000, 5000000.00, 4, -47.65
2024-05-24, 10:18:36.941077, 855000000, 860000000, 5000000.00, 4, -47.65
2024-05-24, 10:18:36.941077, 860000000, 865000000, 5000000.00, 4, -50.66
2024-05-24, 10:18:36.941077, 870000000, 875000000, 5000000.00, 4, -50.66
2024-05-24, 10:18:36.941077, 865000000, 870000000, 5000000.00, 4, -53.67
2024-05-24, 10:18:36.941077, 875000000, 880000000, 5000000.00, 4, -46.68
2024-05-24, 10:18:36.941077, 880000000, 885000000, 5000000.00, 4, -47.65
2024-05-24, 10:18:36.941077, 890000000, 895000000, 5000000.00, 4, -47.65
2024-05-24, 10:18:36.941077, 885000000, 890000000, 5000000.00, 4, -47.65
2024-05-24, 10:18:36.941077, 895000000, 900000000, 5000000.00, 4, -47.65
2024-05-24, 10:18:36.941077, 900000000, 905000000, 5000000.00, 4, -49.69
2024-05-24, 10:18:36.941077, 910000000, 915000000, 5000000.00, 4, -49.69
2024-05-24, 10:18:36.941077, 905000000, 910000000, 5000000.00, 4, -46.68
2024-05-24, 10:18:36.941077, 915000000, 920000000, 5000000.00, 4, -53.67
2024-05-24, 10:18:36.941077, 920000000, 925000000, 5000000.00, 4, -42.70
2024-05-24, 10:18:36.941077, 930000000, 935000000, 5000000.00, 4, -49.69
2024-05-24, 10:18:36.941077, 925000000, 930000000, 5000000.00, 4, -32.20
2024-05-24, 10:18:36.941077, 935000000, 940000000, 5000000.00, 4, -31.57
2024-05-24, 10:18:36.941077, 940000000, 945000000, 5000000.00, 4, -42.70
2024-05-24, 10:18:36.941077, 950000000, 955000000, 5000000.00, 4, -36.64
2024-05-24, 10:18:36.941077, 945000000, 950000000, 5000000.00, 4, -27.48
2024-05-24, 10:18:36.941077, 955000000, 960000000, 5000000.00, 4, -47.65
2024-05-24, 10:18:36.941077, 960000000, 965000000, 5000000.00, 4, -45.54
2024-05-24, 10:18:36.941077, 970000000, 975000000, 5000000.00, 4, -44.38
2024-05-24, 10:18:36.941077, 965000000, 970000000, 5000000.00, 4, -47.65
2024-05-24, 10:18:36.941077, 975000000, 980000000, 5000000.00, 4, -47.65
2024-05-24, 10:18:36.941077, 980000000, 985000000, 5000000.00, 4, -33.67
2024-05-24, 10:18:36.941077, 990000000, 995000000, 5000000.00, 4, -38.36
2024-05-24, 10:18:36.941077, 985000000, 990000000, 5000000.00, 4, -21.86
2024-05-24, 10:18:36.941077, 995000000, 1000000000, 5000000.00, 4, -14.51
2024-05-24, 10:18:36.941077, 1000000000, 1005000000, 5000000.00, 4, -14.49
2024-05-24, 10:18:36.941077, 1010000000, 1015000000, 5000000.00, 4, -22.61
2024-05-24, 10:18:36.941077, 1005000000, 1010000000, 5000000.00, 4, -38.36
2024-05-24, 10:18:36.941077, 1015000000, 1020000000, 5000000.00, 4, -33.67
2024-05-24, 10:18:36.941077, 1020000000, 1025000000, 5000000.00, 4, -45.54
2024-05-24, 10:18:36.941077, 1030000000, 1035000000, 5000000.00, 4, -49.69
2024-05-24, 10:18:36.941077, 1025000000, 1030000000, 5000000.00, 4, -47.65
2024-05-24, 10:18:36.941077, 1035000000, 1040000000, 5000000.00, 4, -47.65
2024-05-24, 10:18:36.941077, 1040000000, 1045000000, 5000000.00, 4, -47.65
2024-05-24, 10:18:36.941077, 1050000000, 1055000000, 5000000.00, 4, -47.65
2024-05-24, 10:18:36.941077, 1045000000, 1050000000, 5000000.00, 4, -49.69
2024-05-24, 10:18:36.941077, 1055000000, 1060000000, 5000000.00, 4, -45.54
2024-05-24, 10:18:36.941077, 1060000000, 1065000000, 5000000.00, 4, -45.54
2024-05-24, 10:18:36.941077, 1070000000, 1075000000, 5000000.00, 4, -49.69
2024-05-24, 10:18:36.941077, 1065000000, 1070000000, 5000000.00, 4, -47.65
2024-05-24, 10:18:36.941077, 1075000000, 1080000000, 5000000.00, 4, -47.65
2024-05-24, 10:18:36.941077, 1080000000, 1085000000, 5000000.00, 4, -49.69
2024-05-24, 10:18:36.941077, 1090000000, 1095000000, 5000000.00, 4, -49.69
2024-05-24, 10:18:36.941077, 1085000000, 1090000000, 5000000.00, 4, -45.54
2024-05-24, 10:18:36.941077, 1095000000, 1100000000, 5000000.00, 4, -49.69
2024-05-24, 10:18:36.941077, 1100000000, 1105000000, 5000000.00, 4, -45.54
2024-05-24, 10:18:36.941077, 1110000000, 1115000000, 5000000.00, 4, -49.69
2024-05-24, 10:18:36.941077, 1105000000, 1110000000, 5000000.00, 4, -47.65
2024-05-24, 10:18:36.941077, 1115000000, 1120000000, 5000000.00, 4, -47.65
2024-05-24, 10:18:36.941077, 1120000000, 1125000000, 5000000.00, 4, -47.65
2024-05-24, 10:18:36.941077, 1130000000, 1135000000, 5000000.00, 4, -47.65
2024-05-24, 10:18:36.941077, 1125000000, 1130000000, 5000000.00, 4, -47.65
2024-05-24, 10:18:36.941077, 1135000000, 1140000000, 5000000.00, 4, -50.66
2024-05-24, 10:18:36.941077, 1140000000, 1145000000, 5000000.00, 4, -47.65
2024-05-24, 10:18:36.941077, 1150000000, 1155000000, 5000000.00, 4, -47.65
2024-05-24, 10:18:36.941077, 1145000000, 1150000000, 5000000.00, 4, -47.65
2024-05-24, 10:18:36.941077, 1155000000, 1160000000, 5000000.00, 4, -47.65
2024-05-24, 10:18:36.941077, 1160000000, 1165000000, 5000000.00, 4, -49.69
2024-05-24, 10:18:36.941077, 1170000000, 1175000000, 5000000.00, 4, -45.54
2024-05-24, 10:18:36.941077, 1165000000, 1170000000, 5000000.00, 4, -49.69
2024-05-24, 10:18:36.941077, 1175000000, 1180000000, 5000000.00, 4, -45.54
2024-05-24, 10:18:36.941077, 1180000000, 1185000000, 5000000.00, 4, -50.66
2024-05-24, 10:18:36.941077, 1190000000, 1195000000, 5000000.00, 4, -47.65
2024-05-24, 10:18:36.941077, 1185000000, 1190000000, 5000000.00, 4, -47.65
2024-05-24, 10:18:36.941077, 1195000000, 1200000000, 5000000.00, 4, -47.65
2024-05-24, 10:18:36.941077, 1200000000, 1205000000, 5000000.00, 4, -53.67
2024-05-24, 10:18:36.941077, 1210000000, 1215000000, 5000000.00, 4, -46.68
2024-05-24, 10:18:36.941077, 1205000000, 1210000000, 5000000.00, 4, -47.65
2024-05-24, 10:18:36.941077, 1215000000, 1220000000, 5000000.00, 4, -47.65
2024-05-24, 10:18:36.941077, 1220000000, 1225000000, 5000000.00, 4, -47.65
2024-05-24, 10:18:36.941077, 1230000000, 1235000000, 5000000.00, 4, -47.65
2024-05-24, 10:18:36.941077, 1225000000, 1230000000, 5000000.00, 4, -43.67
2024-05-24, 10:18:36.941077, 1235000000, 1240000000, 5000000.00, 4, -47.65
2024-05-24, 10:18:36.941077, 1240000000, 1245000000, 5000000.00, 4, -45.54
2024-05-24, 10:18:36.941077, 1250000000, 1255000000, 5000000.00, 4, -49.69
2024-05-24, 10:18:36.941077, 1245000000, 1250000000, 5000000.00, 4, -47.65
2024-05-24, 10:18:36.941077, 1255000000, 1260000000, 5000000.00, 4, -47.65
2024-05-24, 10:18:36.941077, 1260000000, 1265000000, 5000000.00, 4, -45.54
2024-05-24, 10:18:36.941077, 1270000000, 1275000000, 5000000.00, 4, -49.69
2024-05-24, 10:18:36.941077, 1265000000, 1270000000, 5000000.00, 4, -47.65
2024-05-24, 10:18:36.941077, 1275000000, 1280000000, 5000000.00, 4, -47.65
2024-05-24, 10:18:36.941077, 1280000000, 1285000000, 5000000.00, 4, -47.65
2024-05-24, 10:18:36.941077, 1290000000, 1295000000, 5000000.00, 4, -47.65
2024-05-24, 10:18:36.941077, 1285000000, 1290000000, 5000000.00, 4, -45.54
2024-05-24, 10:18:36.941077, 1295000000, 1300000000, 5000000.00, 4, -49.69
2024-05-24, 10:18:36.941077, 1300000000, 1305000000, 5000000.00, 4, -47.65
2024-05-24, 10:18:36.941077, 1310000000, 1315000000, 5000000.00, 4, -47.65
2024-05-24, 10:18:36.941077, 1305000000, 1310000000, 5000000.00, 4, -47.65
2024-05-24, 10:18:36.941077, 1315000000, 1320000000, 5000000.00, 4, -47.65
2024-05-24, 10:18:36.941077, 1320000000, 1325000000, 5000000.00, 4, -47.65
2024-05-24, 10:18:36.941077, 1330000000, 1335000000, 5000000.00, 4, -47.65
2024-05-24, 10:18:36.941077, 1325000000, 1330000000, 5000000.00, 4, -47.65
2024-05-24, 10:18:36.941077, 1335000000, 1340000000, 5000000.00, 4, -47.65
2024-05-24, 10:18:36.941077, 1340000000, 1345000000, 5000000.00, 4, -47.65
2024-05-24, 10:18:36.941077, 1350000000, 1355000000, 5000000.00, 4, -50.66
2024-05-24, 10:18:36.941077, 1345000000, 1350000000, 5000000.00, 4, -45.54
2024-05-24, 10:18:36.941077, 1355000000, 1360000000, 5000000.00, 4, -49.69
2024-05-24, 10:18:36.941077, 1360000000, 1365000000, 5000000.00, 4, -47.65
2024-05-24, 10:18:36.941077, 1370000000, 1375000000, 5000000.00, 4, -47.65
2024-05-24, 10:18:36.941077, 1365000000, 1370000000, 5000000.00, 4, -49.69
2024-05-24, 10:18:36.941077, 1375000000, 1380000000, 5000000.00, 4, -56.68
2024-05-24, 10:18:36.941077, 1380000000, 1385000000, 5000000.00, 4, -45.54
2024-05-24, 10:18:36.941077, 1390000000, 1395000000, 5000000.00, 4, -49.69
2024-05-24, 10:18:36.941077, 1385000000, 1390000000, 5000000.00, 4, -45.54
2024-05-24, 10:18:36.941077, 1395000000, 1400000000, 5000000.00, 4, -49.69
2024-05-24, 10:18:36.941077, 1400000000, 1405000000, 5000000.00, 4, -53.67
2024-05-24, 10:18:36.941077, 1410000000, 1415000000, 5000000.00, 4, -46.68
2024-05-24, 10:18:36.941077, 1405000000, 1410000000, 5000000.00, 4, -47.65
2024-05-24, 10:18:36.941077, 1415000000, 1420000000, 5000000.00, 4, -47.65
2024-05-24, 10:18:36.941077, 1420000000, 1425000000, 5000000.00, 4, -49.69
2024-05-24, 10:18:36.941077, 1430000000, 1435000000, 5000000.00, 4, -49.69
2024-05-24, 10:18:36.941077, 1425000000, 1430000000, 5000000.00, 4, -47.65
2024-05-24, 10:18:36.941077, 1435000000, 1440000000, 5000000.00, 4, -47.65
2024-05-24, 10:18:36.941077, 1440000000, 1445000000, 5000000.00, 4, -47.65
2024-05-24, 10:18:36.941077, 1450000000, 1455000000, 5000000.00, 4, -47.65
2024-05-24, 10:18:36.941077, 1445000000, 1450000000, 5000000.00, 4, -47.65
2024-05-24, 10:18:36.941077, 1455000000, 1460000000, 5000000.00, 4, -47.65
2024-05-24, 10:18:36.941077, 1460000000, 1465000000, 5000000.00, 4, -47.65
2024-05-24, 10:18:36.941077, 1470000000, 1475000000, 5000000.00, 4, -47.65
2024-05-24, 10:18:36.941077, 1465000000, 1470000000, 5000000.00, 4, -47.65
2024-05-24, 10:18:36.941077, 1475000000, 1480000000, 5000000.00, 4, -47.65
2024-05-24, 10:18:36.941077, 1480000000, 1485000000, 5000000.00, 4, -47.65
2024-05-24, 10:18:36.941077, 1490000000, 1495000000, 5000000.00, 4, -47.65
2024-05-24, 10:18:36.941077, 1485000000, 1490000000, 5000000.00, 4, -45.54
2024-05-24, 10:18:36.941077, 1495000000, 1500000000, 5000000.00, 4, -49.69
2024-05-24, 10:18:36.941077, 1500000000, 1505000000, 5000000.00, 4, -47.65
2024-05-24, 10:18:36.941077, 1510000000, 1515000000, 5000000.00, 4, -47.65
2024-05-24, 10:18:36.941077, 1505000000, 1510000000, 5000000.00, 4, -47.65
2024-05-24, 10:18:36.941077, 1515000000, 1520000000, 5000000.00, 4, -47.65
2024-05-24, 10:18:36.941077, 1520000000, 1525000000, 5000000.00, 4, -47.65
2024-05-24, 10:18:36.941077, 1530000000, 1535000000, 5000000.00, 4, -47.65
2024-05-24, 10:18:36.941077, 1525000000, 1530000000, 5000000.00, 4, -50.66
2024-05-24, 10:18:36.941077, 1535000000, 1540000000, 5000000.00, 4, -47.65
2024-05-24, 10:18:36.941077, 1540000000, 1545000000, 5000000.00, 4, -50.66
2024-05-24, 10:18:36.941077, 1550000000, 1555000000, 5000000.00, 4, -47.65
2024-05-24, 10:18:36.941077, 1545000000, 1550000000, 5000000.00, 4, -49.69
2024-05-24, 10:18:36.941077, 1555000000, 1560000000, 5000000.00, 4, -49.69
2024-05-24, 10:18:36.941077, 1560000000, 1565000000, 5000000.00, 4, -45.54
2024-05-24, 10:18:36.941077, 1570000000, 1575000000, 5000000.00, 4, -49.69
2024-05-24, 10:18:36.941077, 1565000000, 1570000000, 5000000.00, 4, -45.54
2024-05-24, 10:18:36.941077, 1575000000, 1580000000, 5000000.00, 4, -49.69
2024-05-24, 10:18:36.941077, 1580000000, 1585000000, 5000000.00, 4, -47.65
2024-05-24, 10:18:36.941077, 1590000000, 1595000000, 5000000.00, 4, -47.65
2024-05-24, 10:18:36.941077, 1585000000, 1590000000, 5000000.00, 4, -49.69
2024-05-24, 10:18:36.941077, 1595000000, 1600000000, 5000000.00, 4, -49.69
2024-05-24, 10:18:36.941077, 1600000000, 1605000000, 5000000.00, 4, -49.69
2024-05-24, 10:18:36.941077, 1610000000, 1615000000, 5000000.00, 4, -45.54
2024-05-24, 10:18:36.941077, 1605000000, 1610000000, 5000000.00, 4, -47.65
2024-05-24, 10:18:36.941077, 1615000000, 1620000000, 5000000.00, 4, -47.65
2024-05-24, 10:18:36.941077, 1620000000, 1625000000, 5000000.00, 4, -49.69
2024-05-24, 10:18:36.941077, 1630000000, 1635000000, 5000000.00, 4, -49.69
2024-05-24, 10:18:36.941077, 1625000000, 1630000000, 5000000.00, 4, -49.69
2024-05-24, 10:18:36.941077, 1635000000, 1640000000, 5000000.00, 4, -45.54
2024-05-24, 10:18:36.941077, 1640000000, 1645000000, 5000000.00, 4, -49.69
2024-05-24, 10:18:36.941077, 1650000000, 1655000000, 5000000.00, 4, -45.54
2024-05-24, 10:18:36.941077, 1645000000, 1650000000, 5000000.00, 4, -47.65
2024-05-24, 10:18:36.941077, 1655000000, 1660000000, 5000000.00, 4, -47.65
2024-05-24, 10:18:36.941077, 1660000000, 1665000000, 5000000.00, 4, -47.65
2024-05-24, 10:18:36.941077, 1670000000, 1675000000, 5000000.00, 4, -47.65
2024-05-24, 10:18:36.941077, 1665000000, 1670000000, 5000000.00, 4, -47.65
2024-05-24, 10:18:36.941077, 1675000000, 1680000000, 5000000.00, 4, -47.65
2024-05-24, 10:18:36.941077, 1680000000, 1685000000, 5000000.00, 4, -50.66
2024-05-24, 10:18:36.941077, 1690000000, 1695000000, 5000000.00, 4, -47.65
2024-05-24, 10:18:36.941077, 1685000000, 1690000000, 5000000.00, 4, -47.65
2024-05-24, 10:18:36.941077, 1695000000, 1700000000, 5000000.00, 4, -47.65
2024-05-24, 10:18:36.941077, 1700000000, 1705000000, 5000000.00, 4, -47.65
2024-05-24, 10:18:36.941077, 1710000000, 1715000000, 5000000.00, 4, -47.65
2024-05-24, 10:18:36.941077, 1705000000, 1710000000, 5000000.00, 4, -47.65
2024-05-24, 10:18:36.941077, 1715000000, 1720000000, 5000000.00, 4, -50.66
2024-05-24, 10:18:36.941077, 1720000000, 1725000000, 5000000.00, 4, -47.65
2024-05-24, 10:18:36.941077, 1730000000, 1735000000, 5000000.00, 4, -47.65
2024-05-24, 10:18:36.941077, 1725000000, 1730000000, 5000000.00, 4, -47.65
2024-05-24, 10:18:36.941077, 1735000000, 1740000000, 5000000.00, 4, -47.65
2024-05-24, 10:18:36.941077, 1740000000, 1745000000, 5000000.00, 4, -45.54
2024-05-24, 10:18:36.941077, 1750000000, 1755000000, 5000000.00, 4, -49.69
2024-05-24, 10:18:36.941077, 1745000000, 1750000000, 5000000.00, 4, -47.65
2024-05-24, 10:18:36.941077, 1755000000, 1760000000, 5000000.00, 4, -47.65
2024-05-24, 10:18:36.941077, 1760000000, 1765000000, 5000000.00, 4, -47.65
2024-05-24, 10:18:36.941077, 1770000000, 1775000000, 5000000.00, 4, -47.65
2024-05-24, 10:18:36.941077, 1765000000, 1770000000, 5000000.00, 4, -47.65
2024-05-24, 10:18:36.941077, 1775000000, 1780000000, 5000000.00, 4, -50.66
2024-05-24, 10:18:36.941077, 1780000000, 1785000000, 5000000.00, 4, -47.65
2024-05-24, 10:18:36.941077, 1790000000, 1795000000, 5000000.00, 4, -47.65
2024-05-24, 10:18:36.941077, 1785000000, 1790000000, 5000000.00, 4, -49.69
2024-05-24, 10:18:36.941077, 1795000000, 1800000000, 5000000.00, 4, -49.69
2024-05-24, 10:18:36.941077, 1800000000, 1805000000, 5000000.00, 4, -47.14
2024-05-24, 10:18:36.941077, 1810000000, 1815000000, 5000000.00, 4, -45.54
2024-05-24, 10:18:36.941077, 1805000000, 1810000000, 5000000.00, 4, -47.14
2024-05-24, 10:18:36.941077, 1815000000, 1820000000, 5000000.00, 4, -56.68
2024-05-24, 10:18:36.941077, 1820000000, 1825000000, 5000000.00, 4, -53.67
2024-05-24, 10:18:36.941077, 1830000000, 1835000000, 5000000.00, 4, -44.13
2024-05-24, 10:18:36.941077, 1825000000, 1830000000, 5000000.00, 4, -46.68
2024-05-24, 10:18:36.941077, 1835000000, 1840000000, 5000000.00, 4, -53.67
2024-05-24, 10:18:36.941077, 1840000000, 1845000000, 5000000.00, 4, -45.54
2024-05-24, 10:18:36.941077, 1850000000, 1855000000, 5000000.00, 4, -45.54
2024-05-24, 10:18:36.941077, 1845000000, 1850000000, 5000000.00, 4, -50.66
2024-05-24, 10:18:36.941077, 1855000000, 1860000000, 5000000.00, 4, -47.65
2024-05-24, 10:18:36.941077, 1860000000, 1865000000, 5000000.00, 4, -42.06
2024-05-24, 10:18:36.941077, 1870000000, 1875000000, 5000000.00, 4, -41.00
2024-05-24, 10:18:36.941077, 1865000000, 1870000000, 5000000.00, 4, -46.68
2024-05-24, 10:18:36.941077, 1875000000, 1880000000, 5000000.00, 4, -42.53
2024-05-24, 10:18:36.941077, 1880000000, 1885000000, 5000000.00, 4, -47.65
2024-05-24, 10:18:36.941077, 1890000000, 1895000000, 5000000.00, 4, -47.65
2024-05-24, 10:18:36.941077, 1885000000, 1890000000, 5000000.00, 4, -49.69
2024-05-24, 10:18:36.941077, 1895000000, 1900000000, 5000000.00, 4, -49.69
