2024-05-24, 10:19:39.518288, 700000000, 705000000, 5000000.00, 4, -47.65
2024-05-24, 10:19:39.518288, 710000000, 715000000, 5000000.00, 4, -47.65
2024-05-24, 10:19:39.518288, 705000000, 710000000, 5000000.00, 4, -49.69
2024-05-24, 10:19:39.518288, 715000000, 720000000, 5000000.00, 4, -49.69
2024-05-24, 10:19:39.518288, 720000000, 725000000, 5000000.00, 4, -47.14
2024-05-24, 10:19:39.518288, 730000000, 735000000, 5000000.00, 4, -49.69
2024-05-24, 10:19:39.518288, 725000000, 730000000, 5000000.00, 4, -45.54
2024-05-24, 10:19:39.518288, 735000000, 740000000, 5000000.00, 4, -49.69
2024-05-24, 10:19:39.518288, 740000000, 745000000, 5000000.00, 4, -47.65
2024-05-24, 10:19:39.518288, 750000000, 755000000, 5000000.00, 4, -47.65
2024-05-24, 10:19:39.518288, 745000000, 750000000, 5000000.00, 4, -47.65
2024-05-24, 10:19:39.518288, 755000000, 760000000, 5000000.00, 4, -47.65
2024-05-24, 10:19:39.518288, 760000000, 765000000, 5000000.00, 4, -47.65
2024-05-24, 10:19:39.518288, 770000000, 775000000, 5000000.00, 4, -47.65
2024-05-24, 10:19:39.518288, 765000000, 770000000, 5000000.00, 4, -47.65
2024-05-24, 10:19:39.518288, 775000000, 780000000, 5000000.00, 4, -47.65
2024-05-24, 10:19:39.518288, 780000000, 785000000, 5000000.00, 4, -45.54
2024-05-24, 10:19:39.518288, 790000000, 795000000, 5000000.00, 4, -49.69
2024-05-24, 10:19:39.518288, 785000000, 790000000, 5000000.00, 4, -47.65
2024-05-24, 10:19:39.518288, 795000000, 800000000, 5000000.00, 4, -47.65
2024-05-24, 10:19:39.518288, 800000000, 805000000, 5000000.00, 4, -49.69
2024-05-24, 10:19:39.518288, 810000000, 815000000, 5000000.00, 4, -49.69
2024-05-24, 10:19:39.518288, 805000000, 810000000, 5000000.00, 4, -50.66
2024-05-24, 10:19:39.518288, 815000000, 820000000, 5000000.00, 4, -47.65
2024-05-24, 10:19:39.518288, 820000000, 825000000, 5000000.00, 4, -47.65
2024-05-24, 10:19:39.518288, 830000000, 835000000, 5000000.00, 4, -47.65
2024-05-24, 10:19:39.518288, 825000000, 830000000, 5000000.00, 4, -49.69
2024-05-24, 10:19:39.518288, 835000000, 840000000, 5000000.00, 4, -49.69
2024-05-24, 10:19:39.518288, 840000000, 845000000, 5000000.00, 4, -49.69
2024-05-24, 10:19:39.518288, 850000000, 855000000, 5000000.00, 4, -49.69
2024-05-24, 10:19:39.518288, 845000000, 850000000, 5000000.00, 4, -47.65
2024-05-24, 10:19:39.518288, 855000000, 860000000, 5000000.00, 4, -47.65
2024-05-24, 10:19:39.518288, 860000000, 865000000, 5000000.00, 4, -46.68
2024-05-24, 10:19:39.518288, 870000000, 875000000, 5000000.00, 4, -46.68
2024-05-24, 10:19:39.518288, 865000000, 870000000, 5000000.00, 4, -56.68
2024-05-24, 10:19:39.518288, 875000000, 880000000, 5000000.00, 4, -56.68
2024-05-24, 10:19:39.518288, 880000000, 885000000, 5000000.00, 4, -49.69
2024-05-24, 10:19:39.518288, 890000000, 895000000, 5000000.00, 4, -49.69
2024-05-24, 10:19:39.518288, 885000000, 890000000, 5000000.00, 4, -47.65
2024-05-24, 10:19:39.518288, 895000000, 900000000, 5000000.00, 4, -47.65
2024-05-24, 10:19:39.518288, 900000000, 905000000, 5000000.00, 4, -49.69
2024-05-24, 10:19:39.518288, 910000000, 915000000, 5000000.00, 4, -49.69
2024-05-24, 10:19:39.518288, 905000000, 910000000, 5000000.00, 4, -46.68
2024-05-24, 10:19:39.518288, 915000000, 920000000, 5000000.00, 4, -46.68
2024-05-24, 10:19:39.518288, 920000000, 925000000, 5000000.00, 4, -49.69
2024-05-24, 10:19:39.518288, 930000000, 935000000, 5000000.00, 4, -49.69
2024-05-24, 10:19:39.518288, 925000000, 930000000, 5000000.00, 4, -44.38
2024-05-24, 10:19:39.518288, 935000000, 940000000, 5000000.00, 4, -44.38
2024-05-24, 10:19:39.518288, 940000000, 945000000, 5000000.00, 4, -33.50
2024-05-24, 10:19:39.518288, 950000000, 955000000, 5000000.00, 4, -41.12
2024-05-24, 10:19:39.518288, 945000000, 950000000, 5000000.00, 4, -35.04
2024-05-24, 10:19:39.518288, 955000000, 960000000, 5000000.00, 4, -53.67
2024-05-24, 10:19:39.518288, 960000000, 965000000, 5000000.00, 4, -47.65
2024-05-24, 10:19:39.518288, 970000000, 975000000, 5000000.00, 4, -47.65
2024-05-24, 10:19:39.518288, 965000000, 970000000, 5000000.00, 4, -49.69
2024-05-24, 10:19:39.518288, 975000000, 980000000, 5000000.00, 4, -45.54
2024-05-24, 10:19:39.518288, 980000000, 985000000, 5000000.00, 4, -49.69
2024-05-24, 10:19:39.518288, 990000000, 995000000, 5000000.00, 4, -49.69
2024-05-24, 10:19:39.518288, 985000000, 990000000, 5000000.00, 4, -47.65
2024-05-24, 10:19:39.518288, 995000000, 1000000000, 5000000.00, 4, -47.65
2024-05-24, 10:19:39.518288, 1000000000, 1005000000, 5000000.00, 4, -45.54
2024-05-24, 10:19:39.518288, 1010000000, 1015000000, 5000000.00, 4, -49.69
2024-05-24, 10:19:39.518288, 1005000000, 1010000000, 5000000.00, 4, -45.54
2024-05-24, 10:19:39.518288, 1015000000, 1020000000, 5000000.00, 4, -49.69
2024-05-24, 10:19:39.518288, 1020000000, 1025000000, 5000000.00, 4, -45.54
2024-05-24, 10:19:39.518288, 1030000000, 1035000000, 5000000.00, 4, -49.69
2024-05-24, 10:19:39.518288, 1025000000, 1030000000, 5000000.00, 4, -47.65
2024-05-24, 10:19:39.518288, 1035000000, 1040000000, 5000000.00, 4, -47.65
2024-05-24, 10:19:39.518288, 1040000000, 1045000000, 5000000.00, 4, -47.65
2024-05-24, 10:19:39.518288, 1050000000, 1055000000, 5000000.00, 4, -47.65
2024-05-24, 10:19:39.518288, 1045000000, 1050000000, 5000000.00, 4, -47.65
2024-05-24, 10:19:39.518288, 1055000000, 1060000000, 5000000.00, 4, -47.65
2024-05-24, 10:19:39.518288, 1060000000, 1065000000, 5000000.00, 4, -47.65
2024-05-24, 10:19:39.518288, 1070000000, 1075000000, 5000000.00, 4, -47.65
2024-05-24, 10:19:39.518288, 1065000000, 1070000000, 5000000.00, 4, -47.65
2024-05-24, 10:19:39.518288, 1075000000, 1080000000, 5000000.00, 4, -47.65
2024-05-24, 10:19:39.518288, 1080000000, 1085000000, 5000000.00, 4, -49.69
2024-05-24, 10:19:39.518288, 1090000000, 1095000000, 5000000.00, 4, -45.54
2024-05-24, 10:19:39.518288, 1085000000, 1090000000, 5000000.00, 4, -47.65
2024-05-24, 10:19:39.518288, 1095000000, 1100000000, 5000000.00, 4, -47.65
2024-05-24, 10:19:39.518288, 1100000000, 1105000000, 5000000.00, 4, -47.65
2024-05-24, 10:19:39.518288, 1110000000, 1115000000, 5000000.00, 4, -47.65
2024-05-24, 10:19:39.518288, 1105000000, 1110000000, 5000000.00, 4, -53.67
2024-05-24, 10:19:39.518288, 1115000000, 1120000000, 5000000.00, 4, -46.68
2024-05-24, 10:19:39.518288, 1120000000, 1125000000, 5000000.00, 4, -47.65
2024-05-24, 10:19:39.518288, 1130000000, 1135000000, 5000000.00, 4, -47.65
2024-05-24, 10:19:39.518288, 1125000000, 1130000000, 5000000.00, 4, -45.54
2024-05-24, 10:19:39.518288, 1135000000, 1140000000, 5000000.00, 4, -49.69
2024-05-24, 10:19:39.518288, 1140000000, 1145000000, 5000000.00, 4, -47.65
2024-05-24, 10:19:39.518288, 1150000000, 1155000000, 5000000.00, 4, -47.65
2024-05-24, 10:19:39.518288, 1145000000, 1150000000, 5000000.00, 4, -47.65
2024-05-24, 10:19:39.518288, 1155000000, 1160000000, 5000000.00, 4, -47.65
2024-05-24, 10:19:39.518288, 1160000000, 1165000000, 5000000.00, 4, -46.68
2024-05-24, 10:19:39.518288, 1170000000, 1175000000, 5000000.00, 4, -46.68
2024-05-24, 10:19:39.518288, 1165000000, 1170000000, 5000000.00, 4, -47.65
2024-05-24, 10:19:39.518288, 1175000000, 1180000000, 5000000.00, 4, -47.65
2024-05-24, 10:19:39.518288, 1180000000, 1185000000, 5000000.00, 4, -56.68
2024-05-24, 10:19:39.518288, 1190000000, 1195000000, 5000000.00, 4, -56.68
2024-05-24, 10:19:39.518288, 1185000000, 1190000000, 5000000.00, 4, -47.65
2024-05-24, 10:19:39.518288, 1195000000, 1200000000, 5000000.00, 4, -47.65
2024-05-24, 10:19:39.518288, 1200000000, 1205000000, 5000000.00, 4, -47.65
2024-05-24, 10:19:39.518288, 1210000000, 1215000000, 5000000.00, 4, -47.65
2024-05-24, 10:19:39.518288, 1205000000, 1210000000, 5000000.00, 4, -47.65
2024-05-24, 10:19:39.518288, 1215000000, 1220000000, 5000000.00, 4, -47.65
2024-05-24, 10:19:39.518288, 1220000000, 1225000000, 5000000.00, 4, -53.67
2024-05-24, 10:19:39.518288, 1230000000, 1235000000, 5000000.00, 4, -53.67
2024-05-24, 10:19:39.518288, 1225000000, 1230000000, 5000000.00, 4, -45.54
2024-05-24, 10:19:39.518288, 1235000000, 1240000000, 5000000.00, 4, -49.69
2024-05-24, 10:19:39.518288, 1240000000, 1245000000, 5000000.00, 4, -49.69
2024-05-24, 10:19:39.518288, 1250000000, 1255000000, 5000000.00, 4, -45.54
2024-05-24, 10:19:39.518288, 1245000000, 1250000000, 5000000.00, 4, -45.54
2024-05-24, 10:19:39.518288, 1255000000, 1260000000, 5000000.00, 4, -49.69
2024-05-24, 10:19:39.518288, 1260000000, 1265000000, 5000000.00, 4, -47.65
2024-05-24, 10:19:39.518288, 1270000000, 1275000000, 5000000.00, 4, -47.65
2024-05-24, 10:19:39.518288, 1265000000, 1270000000, 5000000.00, 4, -47.65
2024-05-24, 10:19:39.518288, 1275000000, 1280000000, 5000000.00, 4, -47.65
2024-05-24, 10:19:39.518288, 1280000000, 1285000000, 5000000.00, 4, -47.65
2024-05-24, 10:19:39.518288, 1290000000, 1295000000, 5000000.00, 4, -47.65
2024-05-24, 10:19:39.518288, 1285000000, 1290000000, 5000000.00, 4, -49.69
2024-05-24, 10:19:39.518288, 1295000000, 1300000000, 5000000.00, 4, -49.69
2024-05-24, 10:19:39.518288, 1300000000, 1305000000, 5000000.00, 4, -47.65
2024-05-24, 10:19:39.518288, 1310000000, 1315000000, 5000000.00, 4, -47.65
2024-05-24, 10:19:39.518288, 1305000000, 1310000000, 5000000.00, 4, -47.65
2024-05-24, 10:19:39.518288, 1315000000, 1320000000, 5000000.00, 4, -47.65
2024-05-24, 10:19:39.518288, 1320000000, 1325000000, 5000000.00, 4, -49.69
2024-05-24, 10:19:39.518288, 1330000000, 1335000000, 5000000.00, 4, -49.69
2024-05-24, 10:19:39.518288, 1325000000, 1330000000, 5000000.00, 4, -47.65
2024-05-24, 10:19:39.518288, 1335000000, 1340000000, 5000000.00, 4, -47.65
2024-05-24, 10:19:39.518288, 1340000000, 1345000000, 5000000.00, 4, -49.69
2024-05-24, 10:19:39.518288, 1350000000, 1355000000, 5000000.00, 4, -45.54
2024-05-24, 10:19:39.518288, 1345000000, 1350000000, 5000000.00, 4, -47.65
2024-05-24, 10:19:39.518288, 1355000000, 1360000000, 5000000.00, 4, -47.65
2024-05-24, 10:19:39.518288, 1360000000, 1365000000, 5000000.00, 4, -47.65
2024-05-24, 10:19:39.518288, 1370000000, 1375000000, 5000000.00, 4, -47.65
2024-05-24, 10:19:39.518288, 1365000000, 1370000000, 5000000.00, 4, -47.65
2024-05-24, 10:19:39.518288, 1375000000, 1380000000, 5000000.00, 4, -47.65
2024-05-24, 10:19:39.518288, 1380000000, 1385000000, 5000000.00, 4, -45.54
2024-05-24, 10:19:39.518288, 1390000000, 1395000000, 5000000.00, 4, -49.69
2024-05-24, 10:19:39.518288, 1385000000, 1390000000, 5000000.00, 4, -49.69
2024-05-24, 10:19:39.518288, 1395000000, 1400000000, 5000000.00, 4, -45.54
2024-05-24, 10:19:39.518288, 1400000000, 1405000000, 5000000.00, 4, -47.65
2024-05-24, 10:19:39.518288, 1410000000, 1415000000, 5000000.00, 4, -47.65
2024-05-24, 10:19:39.518288, 1405000000, 1410000000, 5000000.00, 4, -49.69
2024-05-24, 10:19:39.518288, 1415000000, 1420000000, 5000000.00, 4, -49.69
2024-05-24, 10:19:39.518288, 1420000000, 1425000000, 5000000.00, 4, -49.69
2024-05-24, 10:19:39.518288, 1430000000, 1435000000, 5000000.00, 4, -49.69
2024-05-24, 10:19:39.518288, 1425000000, 1430000000, 5000000.00, 4, -47.65
2024-05-24, 10:19:39.518288, 1435000000, 1440000000, 5000000.00, 4, -47.65
2024-05-24, 10:19:39.518288, 1440000000, 1445000000, 5000000.00, 4, -45.54
2024-05-24, 10:19:39.518288, 1450000000, 1455000000, 5000000.00, 4, -45.54
2024-05-24, 10:19:39.518288, 1445000000, 1450000000, 5000000.00, 4, -46.68
2024-05-24, 10:19:39.518288, 1455000000, 1460000000, 5000000.00, 4, -41.37
2024-05-24, 10:19:39.518288, 1460000000, 1465000000, 5000000.00, 4, -49.69
2024-05-24, 10:19:39.518288, 1470000000, 1475000000, 5000000.00, 4, -49.69
2024-05-24, 10:19:39.518288, 1465000000, 1470000000, 5000000.00, 4, -45.54
2024-05-24, 10:19:39.518288, 1475000000, 1480000000, 5000000.00, 4, -44.38
2024-05-24, 10:19:39.518288, 1480000000, 1485000000, 5000000.00, 4, -37.65
2024-05-24, 10:19:39.518288, 1490000000, 1495000000, 5000000.00, 4, -44.64
2024-05-24, 10:19:39.518288, 1485000000, 1490000000, 5000000.00, 4, -29.52
2024-05-24, 10:19:39.518288, 1495000000, 1500000000, 5000000.00, 4, -20.38
2024-05-24, 10:19:39.518288, 1500000000, 1505000000, 5000000.00, 4, -21.31
2024-05-24, 10:19:39.518288, 1510000000, 1515000000, 5000000.00, 4, -27.87
2024-05-24, 10:19:39.518288, 1505000000, 1510000000, 5000000.00, 4, -45.54
2024-05-24, 10:19:39.518288, 1515000000, 1520000000, 5000000.00, 4, -44.38
2024-05-24, 10:19:39.518288, 1520000000, 1525000000, 5000000.00, 4, -inf
2024-05-24, 10:19:39.518288, 1530000000, 1535000000, 5000000.00, 4, -47.65
2024-05-24, 10:19:39.518288, 1525000000, 1530000000, 5000000.00, 4, -46.68
2024-05-24, 10:19:39.518288, 1535000000, 1540000000, 5000000.00, 4, -53.67
2024-05-24, 10:19:39.518288, 1540000000, 1545000000, 5000000.00, 4, -47.65
2024-05-24, 10:19:39.518288, 1550000000, 1555000000, 5000000.00, 4, -47.65
2024-05-24, 10:19:39.518288, 1545000000, 1550000000, 5000000.00, 4, -47.65
2024-05-24, 10:19:39.518288, 1555000000, 1560000000, 5000000.00, 4, -47.65
2024-05-24, 10:19:39.518288, 1560000000, 1565000000, 5000000.00, 4, -49.69
2024-05-24, 10:19:39.518288, 1570000000, 1575000000, 5000000.00, 4, -47.14
2024-05-24, 10:19:39.518288, 1565000000, 1570000000, 5000000.00, 4, -47.65
2024-05-24, 10:19:39.518288, 1575000000, 1580000000, 5000000.00, 4, -47.65
2024-05-24, 10:19:39.518288, 1580000000, 1585000000, 5000000.00, 4, -49.69
2024-05-24, 10:19:39.518288, 1590000000, 1595000000, 5000000.00, 4, -45.54
2024-05-24, 10:19:39.518288, 1585000000, 1590000000, 5000000.00, 4, -45.54
2024-05-24, 10:19:39.518288, 1595000000, 1600000000, 5000000.00, 4, -49.69
2024-05-24, 10:19:39.518288, 1600000000, 1605000000, 5000000.00, 4, -53.67
2024-05-24, 10:19:39.518288, 1610000000, 1615000000, 5000000.00, 4, -53.67
2024-05-24, 10:19:39.518288, 1605000000, 1610000000, 5000000.00, 4, -47.65
2024-05-24, 10:19:39.518288, 1615000000, 1620000000, 5000000.00, 4, -47.65
2024-05-24, 10:19:39.518288, 1620000000, 1625000000, 5000000.00, 4, -47.65
2024-05-24, 10:19:39.518288, 1630000000, 1635000000, 5000000.00, 4, -47.65
2024-05-24, 10:19:39.518288, 1625000000, 1630000000, 5000000.00, 4, -49.69
2024-05-24, 10:19:39.518288, 1635000000, 1640000000, 5000000.00, 4, -45.54
2024-05-24, 10:19:39.518288, 1640000000, 1645000000, 5000000.00, 4, -49.69
2024-05-24, 10:19:39.518288, 1650000000, 1655000000, 5000000.00, 4, -45.54
2024-05-24, 10:19:39.518288, 1645000000, 1650000000, 5000000.00, 4, -46.68
2024-05-24, 10:19:39.518288, 1655000000, 1660000000, 5000000.00, 4, -53.67
2024-05-24, 10:19:39.518288, 1660000000, 1665000000, 5000000.00, 4, -47.65
2024-05-24, 10:19:39.518288, 1670000000, 1675000000, 5000000.00, 4, -47.65
2024-05-24, 10:19:39.518288, 1665000000, 1670000000, 5000000.00, 4, -47.65
2024-05-24, 10:19:39.518288, 1675000000, 1680000000, 5000000.00, 4, -47.65
2024-05-24, 10:19:39.518288, 1680000000, 1685000000, 5000000.00, 4, -47.65
2024-05-24, 10:19:39.518288, 1690000000, 1695000000, 5000000.00, 4, -47.65
2024-05-24, 10:19:39.518288, 1685000000, 1690000000, 5000000.00, 4, -46.68
2024-05-24, 10:19:39.518288, 1695000000, 1700000000, 5000000.00, 4, -53.67
2024-05-24, 10:19:39.518288, 1700000000, 1705000000, 5000000.00, 4, -50.66
2024-05-24, 10:19:39.518288, 1710000000, 1715000000, 5000000.00, 4, -47.65
2024-05-24, 10:19:39.518288, 1705000000, 1710000000, 5000000.00, 4, -47.65
2024-05-24, 10:19:39.518288, 1715000000, 1720000000, 5000000.00, 4, -47.65
2024-05-24, 10:19:39.518288, 1720000000, 1725000000, 5000000.00, 4, -49.69
2024-05-24, 10:19:39.518288, 1730000000, 1735000000, 5000000.00, 4, -45.54
2024-05-24, 10:19:39.518288, 1725000000, 1730000000, 5000000.00, 4, -47.65
2024-05-24, 10:19:39.518288, 1735000000, 1740000000, 5000000.00, 4, -47.65
2024-05-24, 10:19:39.518288, 1740000000, 1745000000, 5000000.00, 4, -47.65
2024-05-24, 10:19:39.518288, 1750000000, 1755000000, 5000000.00, 4, -47.65
2024-05-24, 10:19:39.518288, 1745000000, 1750000000, 5000000.00, 4, -47.65
2024-05-24, 10:19:39.518288, 1755000000, 1760000000, 5000000.00, 4, -47.65
2024-05-24, 10:19:39.518288, 1760000000, 1765000000, 5000000.00, 4, -46.68
2024-05-24, 10:19:39.518288, 1770000000, 1775000000, 5000000.00, 4, -53.67
2024-05-24, 10:19:39.518288, 1765000000, 1770000000, 5000000.00, 4, -47.65
2024-05-24, 10:19:39.518288, 1775000000, 1780000000, 5000000.00, 4, -47.65
2024-05-24, 10:19:39.518288, 1780000000, 1785000000, 5000000.00, 4, -49.69
2024-05-24, 10:19:39.518288, 1790000000, 1795000000, 5000000.00, 4, -45.54
2024-05-24, 10:19:39.518288, 1785000000, 1790000000, 5000000.00, 4, -45.54
2024-05-24, 10:19:39.518288, 1795000000, 1800000000, 5000000.00, 4, -49.69
2024-05-24, 10:19:39.518288, 1800000000, 1805000000, 5000000.00, 4, -41.37
2024-05-24, 10:19:39.518288, 1810000000, 1815000000, 5000000.00, 4, -41.37
2024-05-24, 10:19:39.518288, 1805000000, 1810000000, 5000000.00, 4, -49.69
2024-05-24, 10:19:39.518288, 1815000000, 1820000000, 5000000.00, 4, -42.70
2024-05-24, 10:19:39.518288, 1820000000, 1825000000, 5000000.00, 4, -49.69
2024-05-24, 10:19:39.518288, 1830000000, 1835000000, 5000000.00, 4, -56.68
2024-05-24, 10:19:39.518288, 1825000000, 1830000000, 5000000.00, 4, -50.66
2024-05-24, 10:19:39.518288, 1835000000, 1840000000, 5000000.00, 4, -50.66
2024-05-24, 10:19:39.518288, 1840000000, 1845000000, 5000000.00, 4, -41.00
2024-05-24, 10:19:39.518288, 1850000000, 1855000000, 5000000.00, 4, -45.54
2024-05-24, 10:19:39.518288, 1845000000, 1850000000, 5000000.00, 4, -46.68
2024-05-24, 10:19:39.518288, 1855000000, 1860000000, 5000000.00, 4, -53.67
2024-05-24, 10:19:39.518288, 1860000000, 1865000000, 5000000.00, 4, -35.72
2024-05-24, 10:19:39.518288, 1870000000, 1875000000, 5000000.00, 4, -36.64
2024-05-24, 10:19:39.518288, 1865000000, 1870000000, 5000000.00, 4, -43.67
2024-05-24, 10:19:39.518288, 1875000000, 1880000000, 5000000.00, 4, -34.98
2024-05-24, 10:19:39.518288, 1880000000, 1885000000, 5000000.00, 4, -45.54
2024-05-24, 10:19:39.518288, 1890000000, 1895000000, 5000000.00, 4, -49.69
2024-05-24, 10:19:39.518288, 1885000000, 1890000000, 5000000.00, 4, -47.65
2024-05-24, 10:19:39.518288, 1895000000, 1900000000, 5000000.00, 4, -47.65
