2024-05-24, 10:20:04.164910, 700000000, 705000000, 5000000.00, 4, -47.65
2024-05-24, 10:20:04.164910, 710000000, 715000000, 5000000.00, 4, -47.65
2024-05-24, 10:20:04.164910, 705000000, 710000000, 5000000.00, 4, -45.54
2024-05-24, 10:20:04.164910, 715000000, 720000000, 5000000.00, 4, -49.69
2024-05-24, 10:20:04.164910, 720000000, 725000000, 5000000.00, 4, -45.54
2024-05-24, 10:20:04.164910, 730000000, 735000000, 5000000.00, 4, -49.69
2024-05-24, 10:20:04.164910, 725000000, 730000000, 5000000.00, 4, -47.65
2024-05-24, 10:20:04.164910, 735000000, 740000000, 5000000.00, 4, -47.65
2024-05-24, 10:20:04.164910, 740000000, 745000000, 5000000.00, 4, -49.69
2024-05-24, 10:20:04.164910, 750000000, 755000000, 5000000.00, 4, -45.54
2024-05-24, 10:20:04.164910, 745000000, 750000000, 5000000.00, 4, -47.65
2024-05-24, 10:20:04.164910, 755000000, 760000000, 5000000.00, 4, -47.65
2024-05-24, 10:20:04.164910, 760000000, 765000000, 5000000.00, 4, -47.65
2024-05-24, 10:20:04.164910, 770000000, 775000000, 5000000.00, 4, -47.65
2024-05-24, 10:20:04.164910, 765000000, 770000000, 5000000.00, 4, -45.54
2024-05-24, 10:20:04.164910, 775000000, 780000000, 5000000.00, 4, -49.69
2024-05-24, 10:20:04.164910, 780000000, 785000000, 5000000.00, 4, -47.65
2024-05-24, 10:20:04.164910, 790000000, 795000000, 5000000.00, 4, -47.65
2024-05-24, 10:20:04.164910, 785000000, 790000000, 5000000.00, 4, -47.65
2024-05-24, 10:20:04.164910, 795000000, 800000000, 5000000.00, 4, -47.65
2024-05-24, 10:20:04.164910, 800000000, 805000000, 5000000.00, 4, -47.65
2024-05-24, 10:20:04.164910, 810000000, 815000000, 5000000.00, 4, -47.65
2024-05-24, 10:20:04.164910, 805000000, 810000000, 5000000.00, 4, -47.65
2024-05-24, 10:20:04.164910, 815000000, 820000000, 5000000.00, 4, -47.65
2024-05-24, 10:20:04.164910, 820000000, 825000000, 5000000.00, 4, -49.69
2024-05-24, 10:20:04.164910, 830000000, 835000000, 5000000.00, 4, -45.54
2024-05-24, 10:20:04.164910, 825000000, 830000000, 5000000.00, 4, -47.65
2024-05-24, 10:20:04.164910, 835000000, 840000000, 5000000.00, 4, -47.65
2024-05-24, 10:20:04.164910, 840000000, 845000000, 5000000.00, 4, -47.65
2024-05-24, 10:20:04.164910, 850000000, 855000000, 5000000.00, 4, -47.65
2024-05-24, 10:20:04.164910, 845000000, 850000000, 5000000.00, 4, -47.65
2024-05-24, 10:20:04.164910, 855000000, 860000000, 5000000.00, 4, -47.65
2024-05-24, 10:20:04.164910, 860000000, 865000000, 5000000.00, 4, -47.65
2024-05-24, 10:20:04.164910, 870000000, 875000000, 5000000.00, 4, -47.65
2024-05-24, 10:20:04.164910, 865000000, 870000000, 5000000.00, 4, -44.13
2024-05-24, 10:20:04.164910, 875000000, 880000000, 5000000.00, 4, -46.68
2024-05-24, 10:20:04.164910, 880000000, 885000000, 5000000.00, 4, -47.65
2024-05-24, 10:20:04.164910, 890000000, 895000000, 5000000.00, 4, -47.65
2024-05-24, 10:20:04.164910, 885000000, 890000000, 5000000.00, 4, -45.54
2024-05-24, 10:20:04.164910, 895000000, 900000000, 5000000.00, 4, -49.69
2024-05-24, 10:20:04.164910, 900000000, 905000000, 5000000.00, 4, -49.69
2024-05-24, 10:20:04.164910, 910000000, 915000000, 5000000.00, 4, -45.54
2024-05-24, 10:20:04.164910, 905000000, 910000000, 5000000.00, 4, -47.65
2024-05-24, 10:20:04.164910, 915000000, 920000000, 5000000.00, 4, -47.65
2024-05-24, 10:20:04.164910, 920000000, 925000000, 5000000.00, 4, -46.68
2024-05-24, 10:20:04.164910, 930000000, 935000000, 5000000.00, 4, -46.68
2024-05-24, 10:20:04.164910, 925000000, 930000000, 5000000.00, 4, -37.39
2024-05-24, 10:20:04.164910, 935000000, 940000000, 5000000.00, 4, -42.70
2024-05-24, 10:20:04.164910, 940000000, 945000000, 5000000.00, 4, -56.68
2024-05-24, 10:20:04.164910, 950000000, 955000000, 5000000.00, 4, -49.69
2024-05-24, 10:20:04.164910, 945000000, 950000000, 5000000.00, 4, -44.13
2024-05-24, 10:20:04.164910, 955000000, 960000000, 5000000.00, 4, -46.68
2024-05-24, 10:20:04.164910, 960000000, 965000000, 5000000.00, 4, -49.69
2024-05-24, 10:20:04.164910, 970000000, 975000000, 5000000.00, 4, -49.69
2024-05-24, 10:20:04.164910, 965000000, 970000000, 5000000.00, 4, -47.65
2024-05-24, 10:20:04.164910, 975000000, 980000000, 5000000.00, 4, -47.65
2024-05-24, 10:20:04.164910, 980000000, 985000000, 5000000.00, 4, -47.65
2024-05-24, 10:20:04.164910, 990000000, 995000000, 5000000.00, 4, -47.65
2024-05-24, 10:20:04.164910, 985000000, 990000000, 5000000.00, 4, -47.65
2024-05-24, 10:20:04.164910, 995000000, 1000000000, 5000000.00, 4, -47.65
2024-05-24, 10:20:04.164910, 1000000000, 1005000000, 5000000.00, 4, -49.69
2024-05-24, 10:20:04.164910, 1010000000, 1015000000, 5000000.00, 4, -45.54
2024-05-24, 10:20:04.164910, 1005000000, 1010000000, 5000000.00, 4, -47.65
2024-05-24, 10:20:04.164910, 1015000000, 1020000000, 5000000.00, 4, -47.65
2024-05-24, 10:20:04.164910, 1020000000, 1025000000, 5000000.00, 4, -47.65
2024-05-24, 10:20:04.164910, 1030000000, 1035000000, 5000000.00, 4, -47.65
2024-05-24, 10:20:04.164910, 1025000000, 1030000000, 5000000.00, 4, -45.54
2024-05-24, 10:20:04.164910, 1035000000, 1040000000, 5000000.00, 4, -49.69
2024-05-24, 10:20:04.164910, 1040000000, 1045000000, 5000000.00, 4, -47.65
2024-05-24, 10:20:04.164910, 1050000000, 1055000000, 5000000.00, 4, -47.65
2024-05-24, 10:20:04.164910, 1045000000, 1050000000, 5000000.00, 4, -47.65
2024-05-24, 10:20:04.164910, 1055000000, 1060000000, 5000000.00, 4, -47.65
2024-05-24, 10:20:04.164910, 1060000000, 1065000000, 5000000.00, 4, -47.65
2024-05-24, 10:20:04.164910, 1070000000, 1075000000, 5000000.00, 4, -47.65
2024-05-24, 10:20:04.164910, 1065000000, 1070000000, 5000000.00, 4, -49.69
2024-05-24, 10:20:04.164910, 1075000000, 1080000000, 5000000.00, 4, -45.54
2024-05-24, 10:20:04.164910, 1080000000, 1085000000, 5000000.00, 4, -47.65
2024-05-24, 10:20:04.164910, 1090000000, 1095000000, 5000000.00, 4, -47.65
2024-05-24, 10:20:04.164910, 1085000000, 1090000000, 5000000.00, 4, -49.69
2024-05-24, 10:20:04.164910, 1095000000, 1100000000, 5000000.00, 4, -49.69
2024-05-24, 10:20:04.164910, 1100000000, 1105000000, 5000000.00, 4, -49.69
2024-05-24, 10:20:04.164910, 1110000000, 1115000000, 5000000.00, 4, -49.69
2024-05-24, 10:20:04.164910, 1105000000, 1110000000, 5000000.00, 4, -49.69
2024-05-24, 10:20:04.164910, 1115000000, 1120000000, 5000000.00, 4, -49.69
2024-05-24, 10:20:04.164910, 1120000000, 1125000000, 5000000.00, 4, -47.65
2024-05-24, 10:20:04.164910, 1130000000, 1135000000, 5000000.00, 4, -47.65
2024-05-24, 10:20:04.164910, 1125000000, 1130000000, 5000000.00, 4, -45.54
2024-05-24, 10:20:04.164910, 1135000000, 1140000000, 5000000.00, 4, -49.69
2024-05-24, 10:20:04.164910, 1140000000, 1145000000, 5000000.00, 4, -47.65
2024-05-24, 10:20:04.164910, 1150000000, 1155000000, 5000000.00, 4, -47.65
2024-05-24, 10:20:04.164910, 1145000000, 1150000000, 5000000.00, 4, -45.54
2024-05-24, 10:20:04.164910, 1155000000, 1160000000, 5000000.00, 4, -49.69
2024-05-24, 10:20:04.164910, 1160000000, 1165000000, 5000000.00, 4, -47.65
2024-05-24, 10:20:04.164910, 1170000000, 1175000000, 5000000.00, 4, -47.65
2024-05-24, 10:20:04.164910, 1165000000, 1170000000, 5000000.00, 4, -47.65
2024-05-24, 10:20:04.164910, 1175000000, 1180000000, 5000000.00, 4, -47.65
2024-05-24, 10:20:04.164910, 1180000000, 1185000000, 5000000.00, 4, -47.65
2024-05-24, 10:20:04.164910, 1190000000, 1195000000, 5000000.00, 4, -47.65
2024-05-24, 10:20:04.164910, 1185000000, 1190000000, 5000000.00, 4, -47.65
2024-05-24, 10:20:04.164910, 1195000000, 1200000000, 5000000.00, 4, -47.65
2024-05-24, 10:20:04.164910, 1200000000, 1205000000, 5000000.00, 4, -46.68
2024-05-24, 10:20:04.164910, 1210000000, 1215000000, 5000000.00, 4, -46.68
2024-05-24, 10:20:04.164910, 1205000000, 1210000000, 5000000.00, 4, -53.67
2024-05-24, 10:20:04.164910, 1215000000, 1220000000, 5000000.00, 4, -46.68
2024-05-24, 10:20:04.164910, 1220000000, 1225000000, 5000000.00, 4, -49.69
2024-05-24, 10:20:04.164910, 1230000000, 1235000000, 5000000.00, 4, -49.69
2024-05-24, 10:20:04.164910, 1225000000, 1230000000, 5000000.00, 4, -49.69
2024-05-24, 10:20:04.164910, 1235000000, 1240000000, 5000000.00, 4, -49.69
2024-05-24, 10:20:04.164910, 1240000000, 1245000000, 5000000.00, 4, -47.65
2024-05-24, 10:20:04.164910, 1250000000, 1255000000, 5000000.00, 4, -47.65
2024-05-24, 10:20:04.164910, 1245000000, 1250000000, 5000000.00, 4, -49.69
2024-05-24, 10:20:04.164910, 1255000000, 1260000000, 5000000.00, 4, -45.54
2024-05-24, 10:20:04.164910, 1260000000, 1265000000, 5000000.00, 4, -49.69
2024-05-24, 10:20:04.164910, 1270000000, 1275000000, 5000000.00, 4, -49.69
2024-05-24, 10:20:04.164910, 1265000000, 1270000000, 5000000.00, 4, -47.65
2024-05-24, 10:20:04.164910, 1275000000, 1280000000, 5000000.00, 4, -47.65
2024-05-24, 10:20:04.164910, 1280000000, 1285000000, 5000000.00, 4, -47.65
2024-05-24, 10:20:04.164910, 1290000000, 1295000000, 5000000.00, 4, -47.65
2024-05-24, 10:20:04.164910, 1285000000, 1290000000, 5000000.00, 4, -47.65
2024-05-24, 10:20:04.164910, 1295000000, 1300000000, 5000000.00, 4, -47.65
2024-05-24, 10:20:04.164910, 1300000000, 1305000000, 5000000.00, 4, -47.65
2024-05-24, 10:20:04.164910, 1310000000, 1315000000, 5000000.00, 4, -47.65
2024-05-24, 10:20:04.164910, 1305000000, 1310000000, 5000000.00, 4, -50.66
2024-05-24, 10:20:04.164910, 1315000000, 1320000000, 5000000.00, 4, -47.65
2024-05-24, 10:20:04.164910, 1320000000, 1325000000, 5000000.00, 4, -47.65
2024-05-24, 10:20:04.164910, 1330000000, 1335000000, 5000000.00, 4, -50.66
2024-05-24, 10:20:04.164910, 1325000000, 1330000000, 5000000.00, 4, -46.68
2024-05-24, 10:20:04.164910, 1335000000, 1340000000, 5000000.00, 4, -46.68
2024-05-24, 10:20:04.164910, 1340000000, 1345000000, 5000000.00, 4, -53.67
2024-05-24, 10:20:04.164910, 1350000000, 1355000000, 5000000.00, 4, -46.68
2024-05-24, 10:20:04.164910, 1345000000, 1350000000, 5000000.00, 4, -45.54
2024-05-24, 10:20:04.164910, 1355000000, 1360000000, 5000000.00, 4, -49.69
2024-05-24, 10:20:04.164910, 1360000000, 1365000000, 5000000.00, 4, -47.65
2024-05-24, 10:20:04.164910, 1370000000, 1375000000, 5000000.00, 4, -47.65
2024-05-24, 10:20:04.164910, 1365000000, 1370000000, 5000000.00, 4, -49.69
2024-05-24, 10:20:04.164910, 1375000000, 1380000000, 5000000.00, 4, -49.69
2024-05-24, 10:20:04.164910, 1380000000, 1385000000, 5000000.00, 4, -45.54
2024-05-24, 10:20:04.164910, 1390000000, 1395000000, 5000000.00, 4, -49.69
2024-05-24, 10:20:04.164910, 1385000000, 1390000000, 5000000.00, 4, -49.69
2024-05-24, 10:20:04.164910, 1395000000, 1400000000, 5000000.00, 4, -49.69
2024-05-24, 10:20:04.164910, 1400000000, 1405000000, 5000000.00, 4, -49.69
2024-05-24, 10:20:04.164910, 1410000000, 1415000000, 5000000.00, 4, -49.69
2024-05-24, 10:20:04.164910, 1405000000, 1410000000, 5000000.00, 4, -49.69
2024-05-24, 10:20:04.164910, 1415000000, 1420000000, 5000000.00, 4, -49.69
2024-05-24, 10:20:04.164910, 1420000000, 1425000000, 5000000.00, 4, -47.65
2024-05-24, 10:20:04.164910, 1430000000, 1435000000, 5000000.00, 4, -47.65
2024-05-24, 10:20:04.164910, 1425000000, 1430000000, 5000000.00, 4, -47.65
2024-05-24, 10:20:04.164910, 1435000000, 1440000000, 5000000.00, 4, -47.65
2024-05-24, 10:20:04.164910, 1440000000, 1445000000, 5000000.00, 4, -47.65
2024-05-24, 10:20:04.164910, 1450000000, 1455000000, 5000000.00, 4, -47.65
2024-05-24, 10:20:04.164910, 1445000000, 1450000000, 5000000.00, 4, -47.65
2024-05-24, 10:20:04.164910, 1455000000, 1460000000, 5000000.00, 4, -47.65
2024-05-24, 10:20:04.164910, 1460000000, 1465000000, 5000000.00, 4, -47.65
2024-05-24, 10:20:04.164910, 1470000000, 1475000000, 5000000.00, 4, -47.65
2024-05-24, 10:20:04.164910, 1465000000, 1470000000, 5000000.00, 4, -49.69
2024-05-24, 10:20:04.164910, 1475000000, 1480000000, 5000000.00, 4, -56.68
2024-05-24, 10:20:04.164910, 1480000000, 1485000000, 5000000.00, 4, -49.69
2024-05-24, 10:20:04.164910, 1490000000, 1495000000, 5000000.00, 4, -45.54
2024-05-24, 10:20:04.164910, 1485000000, 1490000000, 5000000.00, 4, -53.67
2024-05-24, 10:20:04.164910, 1495000000, 1500000000, 5000000.00, 4, -53.67
2024-05-24, 10:20:04.164910, 1500000000, 1505000000, 5000000.00, 4, -49.69
2024-05-24, 10:20:04.164910, 1510000000, 1515000000, 5000000.00, 4, -49.69
2024-05-24, 10:20:04.164910, 1505000000, 1510000000, 5000000.00, 4, -47.65
2024-05-24, 10:20:04.164910, 1515000000, 1520000000, 5000000.00, 4, -47.65
2024-05-24, 10:20:04.164910, 1520000000, 1525000000, 5000000.00, 4, -47.65
2024-05-24, 10:20:04.164910, 1530000000, 1535000000, 5000000.00, 4, -47.65
2024-05-24, 10:20:04.164910, 1525000000, 1530000000, 5000000.00, 4, -47.65
2024-05-24, 10:20:04.164910, 1535000000, 1540000000, 5000000.00, 4, -47.65
2024-05-24, 10:20:04.164910, 1540000000, 1545000000, 5000000.00, 4, -53.67
2024-05-24, 10:20:04.164910, 1550000000, 1555000000, 5000000.00, 4, -46.68
2024-05-24, 10:20:04.164910, 1545000000, 1550000000, 5000000.00, 4, -49.69
2024-05-24, 10:20:04.164910, 1555000000, 1560000000, 5000000.00, 4, -45.54
2024-05-24, 10:20:04.164910, 1560000000, 1565000000, 5000000.00, 4, -45.54
2024-05-24, 10:20:04.164910, 1570000000, 1575000000, 5000000.00, 4, -49.69
2024-05-24, 10:20:04.164910, 1565000000, 1570000000, 5000000.00, 4, -47.65
2024-05-24, 10:20:04.164910, 1575000000, 1580000000, 5000000.00, 4, -47.65
2024-05-24, 10:20:04.164910, 1580000000, 1585000000, 5000000.00, 4, -49.69
2024-05-24, 10:20:04.164910, 1590000000, 1595000000, 5000000.00, 4, -49.69
2024-05-24, 10:20:04.164910, 1585000000, 1590000000, 5000000.00, 4, -53.67
2024-05-24, 10:20:04.164910, 1595000000, 1600000000, 5000000.00, 4, -46.68
2024-05-24, 10:20:04.164910, 1600000000, 1605000000, 5000000.00, 4, -47.65
2024-05-24, 10:20:04.164910, 1610000000, 1615000000, 5000000.00, 4, -47.65
2024-05-24, 10:20:04.164910, 1605000000, 1610000000, 5000000.00, 4, -47.65
2024-05-24, 10:20:04.164910, 1615000000, 1620000000, 5000000.00, 4, -47.65
2024-05-24, 10:20:04.164910, 1620000000, 1625000000, 5000000.00, 4, -49.69
2024-05-24, 10:20:04.164910, 1630000000, 1635000000, 5000000.00, 4, -49.69
2024-05-24, 10:20:04.164910, 1625000000, 1630000000, 5000000.00, 4, -49.69
2024-05-24, 10:20:04.164910, 1635000000, 1640000000, 5000000.00, 4, -49.69
2024-05-24, 10:20:04.164910, 1640000000, 1645000000, 5000000.00, 4, -45.54
2024-05-24, 10:20:04.164910, 1650000000, 1655000000, 5000000.00, 4, -49.69
2024-05-24, 10:20:04.164910, 1645000000, 1650000000, 5000000.00, 4, -47.65
2024-05-24, 10:20:04.164910, 1655000000, 1660000000, 5000000.00, 4, -47.65
2024-05-24, 10:20:04.164910, 1660000000, 1665000000, 5000000.00, 4, -49.69
2024-05-24, 10:20:04.164910, 1670000000, 1675000000, 5000000.00, 4, -45.54
2024-05-24, 10:20:04.164910, 1665000000, 1670000000, 5000000.00, 4, -47.65
2024-05-24, 10:20:04.164910, 1675000000, 1680000000, 5000000.00, 4, -47.65
2024-05-24, 10:20:04.164910, 1680000000, 1685000000, 5000000.00, 4, -39.05
2024-05-24, 10:20:04.164910, 1690000000, 1695000000, 5000000.00, 4, -42.53
2024-05-24, 10:20:04.164910, 1685000000, 1690000000, 5000000.00, 4, -28.38
2024-05-24, 10:20:04.164910, 1695000000, 1700000000, 5000000.00, 4, -20.56
2024-05-24, 10:20:04.164910, 1700000000, 1705000000, 5000000.00, 4, -20.53
2024-05-24, 10:20:04.164910, 1710000000, 1715000000, 5000000.00, 4, -29.45
2024-05-24, 10:20:04.164910, 1705000000, 1710000000, 5000000.00, 4, -49.69
2024-05-24, 10:20:04.164910, 1715000000, 1720000000, 5000000.00, 4, -36.64
2024-05-24, 10:20:04.164910, 1720000000, 1725000000, 5000000.00, 4, -49.69
2024-05-24, 10:20:04.164910, 1730000000, 1735000000, 5000000.00, 4, -56.68
2024-05-24, 10:20:04.164910, 1725000000, 1730000000, 5000000.00, 4, -47.65
2024-05-24, 10:20:04.164910, 1735000000, 1740000000, 5000000.00, 4, -47.65
2024-05-24, 10:20:04.164910, 1740000000, 1745000000, 5000000.00, 4, -47.65
2024-05-24, 10:20:04.164910, 1750000000, 1755000000, 5000000.00, 4, -47.65
2024-05-24, 10:20:04.164910, 1745000000, 1750000000, 5000000.00, 4, -49.69
2024-05-24, 10:20:04.164910, 1755000000, 1760000000, 5000000.00, 4, -45.54
2024-05-24, 10:20:04.164910, 1760000000, 1765000000, 5000000.00, 4, -49.69
2024-05-24, 10:20:04.164910, 1770000000, 1775000000, 5000000.00, 4, -49.69
2024-05-24, 10:20:04.164910, 1765000000, 1770000000, 5000000.00, 4, -47.65
2024-05-24, 10:20:04.164910, 1775000000, 1780000000, 5000000.00, 4, -47.65
2024-05-24, 10:20:04.164910, 1780000000, 1785000000, 5000000.00, 4, -49.69
2024-05-24, 10:20:04.164910, 1790000000, 1795000000, 5000000.00, 4, -49.69
2024-05-24, 10:20:04.164910, 1785000000, 1790000000, 5000000.00, 4, -49.69
2024-05-24, 10:20:04.164910, 1795000000, 1800000000, 5000000.00, 4, -45.54
2024-05-24, 10:20:04.164910, 1800000000, 1805000000, 5000000.00, 4, -44.64
2024-05-24, 10:20:04.164910, 1810000000, 1815000000, 5000000.00, 4, -41.12
2024-05-24, 10:20:04.164910, 1805000000, 1810000000, 5000000.00, 4, -37.55
2024-05-24, 10:20:04.164910, 1815000000, 1820000000, 5000000.00, 4, -37.99
2024-05-24, 10:20:04.164910, 1820000000, 1825000000, 5000000.00, 4, -49.69
2024-05-24, 10:20:04.164910, 1830000000, 1835000000, 5000000.00, 4, -56.68
2024-05-24, 10:20:04.164910, 1825000000, 1830000000, 5000000.00, 4, -49.69
2024-05-24, 10:20:04.164910, 1835000000, 1840000000, 5000000.00, 4, -44.38
2024-05-24, 10:20:04.164910, 1840000000, 1845000000, 5000000.00, 4, -47.14
2024-05-24, 10:20:04.164910, 1850000000, 1855000000, 5000000.00, 4, -56.68
2024-05-24, 10:20:04.164910, 1845000000, 1850000000, 5000000.00, 4, -46.68
2024-05-24, 10:20:04.164910, 1855000000, 1860000000, 5000000.00, 4, -46.68
2024-05-24, 10:20:04.164910, 1860000000, 1865000000, 5000000.00, 4, -47.14
2024-05-24, 10:20:04.164910, 1870000000, 1875000000, 5000000.00, 4, -45.54
2024-05-24, 10:20:04.164910, 1865000000, 1870000000, 5000000.00, 4, -56.68
2024-05-24, 10:20:04.164910, 1875000000, 1880000000, 5000000.00, 4, -49.69
2024-05-24, 10:20:04.164910, 1880000000, 1885000000, 5000000.00, 4, -49.69
2024-05-24, 10:20:04.164910, 1890000000, 1895000000, 5000000.00, 4, -49.69
2024-05-24, 10:20:04.164910, 1885000000, 1890000000, 5000000.00, 4, -47.65
2024-05-24, 10:20:04.164910, 1895000000, 1900000000, 5000000.00, 4, -47.65
