2024-05-24, 10:19:30.356210, 700000000, 705000000, 5000000.00, 4, -47.65
2024-05-24, 10:19:30.356210, 710000000, 715000000, 5000000.00, 4, -47.65
2024-05-24, 10:19:30.356210, 705000000, 710000000, 5000000.00, 4, -49.69
2024-05-24, 10:19:30.356210, 715000000, 720000000, 5000000.00, 4, -49.69
2024-05-24, 10:19:30.356210, 720000000, 725000000, 5000000.00, 4, -47.65
2024-05-24, 10:19:30.356210, 730000000, 735000000, 5000000.00, 4, -47.65
2024-05-24, 10:19:30.356210, 725000000, 730000000, 5000000.00, 4, -47.65
2024-05-24, 10:19:30.356210, 735000000, 740000000, 5000000.00, 4, -47.65
2024-05-24, 10:19:30.356210, 740000000, 745000000, 5000000.00, 4, -47.65
2024-05-24, 10:19:30.356210, 750000000, 755000000, 5000000.00, 4, -47.65
2024-05-24, 10:19:30.356210, 745000000, 750000000, 5000000.00, 4, -49.69
2024-05-24, 10:19:30.356210, 755000000, 760000000, 5000000.00, 4, -45.54
2024-05-24, 10:19:30.356210, 760000000, 765000000, 5000000.00, 4, -49.69
2024-05-24, 10:19:30.356210, 770000000, 775000000, 5000000.00, 4, -49.69
2024-05-24, 10:19:30.356210, 765000000, 770000000, 5000000.00, 4, -47.65
2024-05-24, 10:19:30.356210, 775000000, 780000000, 5000000.00, 4, -47.65
2024-05-24, 10:19:30.356210, 780000000, 785000000, 5000000.00, 4, -49.69
2024-05-24, 10:19:30.356210, 790000000, 795000000, 5000000.00, 4, -49.69
2024-05-24, 10:19:30.356210, 785000000, 790000000, 5000000.00, 4, -47.65
2024-05-24, 10:19:30.356210, 795000000, 800000000, 5000000.00, 4, -47.65
2024-05-24, 10:19:30.356210, 800000000, 805000000, 5000000.00, 4, -45.54
2024-05-24, 10:19:30.356210, 810000000, 815000000, 5000000.00, 4, -49.69
2024-05-24, 10:19:30.356210, 805000000, 810000000, 5000000.00, 4, -49.69
2024-05-24, 10:19:30.356210, 815000000, 820000000, 5000000.00, 4, -45.54
2024-05-24, 10:19:30.356210, 820000000, 825000000, 5000000.00, 4, -47.65
2024-05-24, 10:19:30.356210, 830000000, 835000000, 5000000.00, 4, -47.65
2024-05-24, 10:19:30.356210, 825000000, 830000000, 5000000.00, 4, -49.69
2024-05-24, 10:19:30.356210, 835000000, 840000000, 5000000.00, 4, -49.69
2024-05-24, 10:19:30.356210, 840000000, 845000000, 5000000.00, 4, -49.69
2024-05-24, 10:19:30.356210, 850000000, 855000000, 5000000.00, 4, -45.54
2024-05-24, 10:19:30.356210, 845000000, 850000000, 5000000.00, 4, -47.65
2024-05-24, 10:19:30.356210, 855000000, 860000000, 5000000.00, 4, -47.65
2024-05-24, 10:19:30.356210, 860000000, 865000000, 5000000.00, 4, -47.65
2024-05-24, 10:19:30.356210, 870000000, 875000000, 5000000.00, 4, -47.65
2024-05-24, 10:19:30.356210, 865000000, 870000000, 5000000.00, 4, -49.69
2024-05-24, 10:19:30.356210, 875000000, 880000000, 5000000.00, 4, -56.68
2024-05-24, 10:19:30.356210, 880000000, 885000000, 5000000.00, 4, -21.53
2024-05-24, 10:19:30.356210, 890000000, 895000000, 5000000.00, 4, -29.98
2024-05-24, 10:19:30.356210, 885000000, 890000000, 5000000.00, 4, -15.32
2024-05-24, 10:19:30.356210, 895000000, 900000000, 5000000.00, 4, -7.50
2024-05-24, 10:19:30.356210, 900000000, 905000000, 5000000.00, 4, -8.58
2024-05-24, 10:19:30.356210, 910000000, 915000000, 5000000.00, 4, -12.71
2024-05-24, 10:19:30.356210, 905000000, 910000000, 5000000.00, 4, -29.85
2024-05-24, 10:19:30.356210, 915000000, 920000000, 5000000.00, 4, -21.85
2024-05-24, 10:19:30.356210, 920000000, 925000000, 5000000.00, 4, -38.56
2024-05-24, 10:19:30.356210, 930000000, 935000000, 5000000.00, 4, -38.05
2024-05-24, 10:19:30.356210, 925000000, 930000000, 5000000.00, 4, -47.65
2024-05-24, 10:19:30.356210, 935000000, 940000000, 5000000.00, 4, -36.51
2024-05-24, 10:19:30.356210, 940000000, 945000000, 5000000.00, 4, -37.65
2024-05-24, 10:19:30.356210, 950000000, 955000000, 5000000.00, 4, -31.63
2024-05-24, 10:19:30.356210, 945000000, 950000000, 5000000.00, 4, -38.56
2024-05-24, 10:19:30.356210, 955000000, 960000000, 5000000.00, 4, -42.06
2024-05-24, 10:19:30.356210, 960000000, 965000000, 5000000.00, 4, -47.65
2024-05-24, 10:19:30.356210, 970000000, 975000000, 5000000.00, 4, -47.65
2024-05-24, 10:19:30.356210, 965000000, 970000000, 5000000.00, 4, -47.65
2024-05-24, 10:19:30.356210, 975000000, 980000000, 5000000.00, 4, -47.65
2024-05-24, 10:19:30.356210, 980000000, 985000000, 5000000.00, 4, -49.69
2024-05-24, 10:19:30.356210, 990000000, 995000000, 5000000.00, 4, -45.54
2024-05-24, 10:19:30.356210, 985000000, 990000000, 5000000.00, 4, -49.69
2024-05-24, 10:19:30.356210, 995000000, 1000000000, 5000000.00, 4, -49.69
2024-05-24, 10:19:30.356210, 1000000000, 1005000000, 5000000.00, 4, -47.65
2024-05-24, 10:19:30.356210, 1010000000, 1015000000, 5000000.00, 4, -47.65
2024-05-24, 10:19:30.356210, 1005000000, 1010000000, 5000000.00, 4, -49.69
2024-05-24, 10:19:30.356210, 1015000000, 1020000000, 5000000.00, 4, -45.54
2024-05-24, 10:19:30.356210, 1020000000, 1025000000, 5000000.00, 4, -49.69
2024-05-24, 10:19:30.356210, 1030000000, 1035000000, 5000000.00, 4, -45.54
2024-05-24, 10:19:30.356210, 1025000000, 1030000000, 5000000.00, 4, -49.69
2024-05-24, 10:19:30.356210, 1035000000, 1040000000, 5000000.00, 4, -45.54
2024-05-24, 10:19:30.356210, 1040000000, 1045000000, 5000000.00, 4, -47.65
2024-05-24, 10:19:30.356210, 1050000000, 1055000000, 5000000.00, 4, -47.65
2024-05-24, 10:19:30.356210, 1045000000, 1050000000, 5000000.00, 4, -47.65
2024-05-24, 10:19:30.356210, 1055000000, 1060000000, 5000000.00, 4, -47.65
2024-05-24, 10:19:30.356210, 1060000000, 1065000000, 5000000.00, 4, -49.69
2024-05-24, 10:19:30.356210, 1070000000, 1075000000, 5000000.00, 4, -49.69
2024-05-24, 10:19:30.356210, 1065000000, 1070000000, 5000000.00, 4, -47.65
2024-05-24, 10:19:30.356210, 1075000000, 1080000000, 5000000.00, 4, -47.65
2024-05-24, 10:19:30.356210, 1080000000, 1085000000, 5000000.00, 4, -47.65
2024-05-24, 10:19:30.356210, 1090000000, 1095000000, 5000000.00, 4, -47.65
2024-05-24, 10:19:30.356210, 1085000000, 1090000000, 5000000.00, 4, -49.69
2024-05-24, 10:19:30.356210, 1095000000, 1100000000, 5000000.00, 4, -49.69
2024-05-24, 10:19:30.356210, 1100000000, 1105000000, 5000000.00, 4, -49.69
2024-05-24, 10:19:30.356210, 1110000000, 1115000000, 5000000.00, 4, -45.54
2024-05-24, 10:19:30.356210, 1105000000, 1110000000, 5000000.00, 4, -47.65
2024-05-24, 10:19:30.356210, 1115000000, 1120000000, 5000000.00, 4, -47.65
2024-05-24, 10:19:30.356210, 1120000000, 1125000000, 5000000.00, 4, -47.65
2024-05-24, 10:19:30.356210, 1130000000, 1135000000, 5000000.00, 4, -47.65
2024-05-24, 10:19:30.356210, 1125000000, 1130000000, 5000000.00, 4, -47.65
2024-05-24, 10:19:30.356210, 1135000000, 1140000000, 5000000.00, 4, -47.65
2024-05-24, 10:19:30.356210, 1140000000, 1145000000, 5000000.00, 4, -47.65
2024-05-24, 10:19:30.356210, 1150000000, 1155000000, 5000000.00, 4, -47.65
2024-05-24, 10:19:30.356210, 1145000000, 1150000000, 5000000.00, 4, -49.69
2024-05-24, 10:19:30.356210, 1155000000, 1160000000, 5000000.00, 4, -49.69
2024-05-24, 10:19:30.356210, 1160000000, 1165000000, 5000000.00, 4, -47.65
2024-05-24, 10:19:30.356210, 1170000000, 1175000000, 5000000.00, 4, -47.65
2024-05-24, 10:19:30.356210, 1165000000, 1170000000, 5000000.00, 4, -45.54
2024-05-24, 10:19:30.356210, 1175000000, 1180000000, 5000000.00, 4, -49.69
2024-05-24, 10:19:30.356210, 1180000000, 1185000000, 5000000.00, 4, -47.65
2024-05-24, 10:19:30.356210, 1190000000, 1195000000, 5000000.00, 4, -47.65
2024-05-24, 10:19:30.356210, 1185000000, 1190000000, 5000000.00, 4, -49.69
2024-05-24, 10:19:30.356210, 1195000000, 1200000000, 5000000.00, 4, -49.69
2024-05-24, 10:19:30.356210, 1200000000, 1205000000, 5000000.00, 4, -49.69
2024-05-24, 10:19:30.356210, 1210000000, 1215000000, 5000000.00, 4, -45.54
2024-05-24, 10:19:30.356210, 1205000000, 1210000000, 5000000.00, 4, -47.65
2024-05-24, 10:19:30.356210, 1215000000, 1220000000, 5000000.00, 4, -47.65
2024-05-24, 10:19:30.356210, 1220000000, 1225000000, 5000000.00, 4, -45.54
2024-05-24, 10:19:30.356210, 1230000000, 1235000000, 5000000.00, 4, -49.69
2024-05-24, 10:19:30.356210, 1225000000, 1230000000, 5000000.00, 4, -45.54
2024-05-24, 10:19:30.356210, 1235000000, 1240000000, 5000000.00, 4, -49.69
2024-05-24, 10:19:30.356210, 1240000000, 1245000000, 5000000.00, 4, -49.69
2024-05-24, 10:19:30.356210, 1250000000, 1255000000, 5000000.00, 4, -45.54
2024-05-24, 10:19:30.356210, 1245000000, 1250000000, 5000000.00, 4, -49.69
2024-05-24, 10:19:30.356210, 1255000000, 1260000000, 5000000.00, 4, -49.69
2024-05-24, 10:19:30.356210, 1260000000, 1265000000, 5000000.00, 4, -47.65
2024-05-24, 10:19:30.356210, 1270000000, 1275000000, 5000000.00, 4, -47.65
2024-05-24, 10:19:30.356210, 1265000000, 1270000000, 5000000.00, 4, -49.69
2024-05-24, 10:19:30.356210, 1275000000, 1280000000, 5000000.00, 4, -49.69
2024-05-24, 10:19:30.356210, 1280000000, 1285000000, 5000000.00, 4, -45.54
2024-05-24, 10:19:30.356210, 1290000000, 1295000000, 5000000.00, 4, -49.69
2024-05-24, 10:19:30.356210, 1285000000, 1290000000, 5000000.00, 4, -45.54
2024-05-24, 10:19:30.356210, 1295000000, 1300000000, 5000000.00, 4, -49.69
2024-05-24, 10:19:30.356210, 1300000000, 1305000000, 5000000.00, 4, -50.66
2024-05-24, 10:19:30.356210, 1310000000, 1315000000, 5000000.00, 4, -47.65
2024-05-24, 10:19:30.356210, 1305000000, 1310000000, 5000000.00, 4, -47.65
2024-05-24, 10:19:30.356210, 1315000000, 1320000000, 5000000.00, 4, -47.65
2024-05-24, 10:19:30.356210, 1320000000, 1325000000, 5000000.00, 4, -47.65
2024-05-24, 10:19:30.356210, 1330000000, 1335000000, 5000000.00, 4, -47.65
2024-05-24, 10:19:30.356210, 1325000000, 1330000000, 5000000.00, 4, -47.65
2024-05-24, 10:19:30.356210, 1335000000, 1340000000, 5000000.00, 4, -47.65
2024-05-24, 10:19:30.356210, 1340000000, 1345000000, 5000000.00, 4, -49.69
2024-05-24, 10:19:30.356210, 1350000000, 1355000000, 5000000.00, 4, -45.54
2024-05-24, 10:19:30.356210, 1345000000, 1350000000, 5000000.00, 4, -47.65
2024-05-24, 10:19:30.356210, 1355000000, 1360000000, 5000000.00, 4, -47.65
2024-05-24, 10:19:30.356210, 1360000000, 1365000000, 5000000.00, 4, -47.65
2024-05-24, 10:19:30.356210, 1370000000, 1375000000, 5000000.00, 4, -47.65
2024-05-24, 10:19:30.356210, 1365000000, 1370000000, 5000000.00, 4, -49.69
2024-05-24, 10:19:30.356210, 1375000000, 1380000000, 5000000.00, 4, -56.68
2024-05-24, 10:19:30.356210, 1380000000, 1385000000, 5000000.00, 4, -45.54
2024-05-24, 10:19:30.356210, 1390000000, 1395000000, 5000000.00, 4, -49.69
2024-05-24, 10:19:30.356210, 1385000000, 1390000000, 5000000.00, 4, -47.65
2024-05-24, 10:19:30.356210, 1395000000, 1400000000, 5000000.00, 4, -47.65
2024-05-24, 10:19:30.356210, 1400000000, 1405000000, 5000000.00, 4, -47.65
2024-05-24, 10:19:30.356210, 1410000000, 1415000000, 5000000.00, 4, -43.67
2024-05-24, 10:19:30.356210, 1405000000, 1410000000, 5000000.00, 4, -45.54
2024-05-24, 10:19:30.356210, 1415000000, 1420000000, 5000000.00, 4, -49.69
2024-05-24, 10:19:30.356210, 1420000000, 1425000000, 5000000.00, 4, -56.68
2024-05-24, 10:19:30.356210, 1430000000, 1435000000, 5000000.00, 4, -49.69
2024-05-24, 10:19:30.356210, 1425000000, 1430000000, 5000000.00, 4, -47.65
2024-05-24, 10:19:30.356210, 1435000000, 1440000000, 5000000.00, 4, -47.65
2024-05-24, 10:19:30.356210, 1440000000, 1445000000, 5000000.00, 4, -47.14
2024-05-24, 10:19:30.356210, 1450000000, 1455000000, 5000000.00, 4, -49.69
2024-05-24, 10:19:30.356210, 1445000000, 1450000000, 5000000.00, 4, -47.65
2024-05-24, 10:19:30.356210, 1455000000, 1460000000, 5000000.00, 4, -47.65
2024-05-24, 10:19:30.356210, 1460000000, 1465000000, 5000000.00, 4, -47.65
2024-05-24, 10:19:30.356210, 1470000000, 1475000000, 5000000.00, 4, -47.65
2024-05-24, 10:19:30.356210, 1465000000, 1470000000, 5000000.00, 4, -46.68
2024-05-24, 10:19:30.356210, 1475000000, 1480000000, 5000000.00, 4, -46.68
2024-05-24, 10:19:30.356210, 1480000000, 1485000000, 5000000.00, 4, -47.65
2024-05-24, 10:19:30.356210, 1490000000, 1495000000, 5000000.00, 4, -47.65
2024-05-24, 10:19:30.356210, 1485000000, 1490000000, 5000000.00, 4, -42.06
2024-05-24, 10:19:30.356210, 1495000000, 1500000000, 5000000.00, 4, -42.70
2024-05-24, 10:19:30.356210, 1500000000, 1505000000, 5000000.00, 4, -53.67
2024-05-24, 10:19:30.356210, 1510000000, 1515000000, 5000000.00, 4, -46.68
2024-05-24, 10:19:30.356210, 1505000000, 1510000000, 5000000.00, 4, -47.65
2024-05-24, 10:19:30.356210, 1515000000, 1520000000, 5000000.00, 4, -47.65
2024-05-24, 10:19:30.356210, 1520000000, 1525000000, 5000000.00, 4, -47.65
2024-05-24, 10:19:30.356210, 1530000000, 1535000000, 5000000.00, 4, -47.65
2024-05-24, 10:19:30.356210, 1525000000, 1530000000, 5000000.00, 4, -45.54
2024-05-24, 10:19:30.356210, 1535000000, 1540000000, 5000000.00, 4, -49.69
2024-05-24, 10:19:30.356210, 1540000000, 1545000000, 5000000.00, 4, -45.54
2024-05-24, 10:19:30.356210, 1550000000, 1555000000, 5000000.00, 4, -49.69
2024-05-24, 10:19:30.356210, 1545000000, 1550000000, 5000000.00, 4, -47.65
2024-05-24, 10:19:30.356210, 1555000000, 1560000000, 5000000.00, 4, -47.65
2024-05-24, 10:19:30.356210, 1560000000, 1565000000, 5000000.00, 4, -49.69
2024-05-24, 10:19:30.356210, 1570000000, 1575000000, 5000000.00, 4, -49.69
2024-05-24, 10:19:30.356210, 1565000000, 1570000000, 5000000.00, 4, -47.65
2024-05-24, 10:19:30.356210, 1575000000, 1580000000, 5000000.00, 4, -47.65
2024-05-24, 10:19:30.356210, 1580000000, 1585000000, 5000000.00, 4, -47.65
2024-05-24, 10:19:30.356210, 1590000000, 1595000000, 5000000.00, 4, -47.65
2024-05-24, 10:19:30.356210, 1585000000, 1590000000, 5000000.00, 4, -47.65
2024-05-24, 10:19:30.356210, 1595000000, 1600000000, 5000000.00, 4, -47.65
2024-05-24, 10:19:30.356210, 1600000000, 1605000000, 5000000.00, 4, -47.65
2024-05-24, 10:19:30.356210, 1610000000, 1615000000, 5000000.00, 4, -47.65
2024-05-24, 10:19:30.356210, 1605000000, 1610000000, 5000000.00, 4, -47.65
2024-05-24, 10:19:30.356210, 1615000000, 1620000000, 5000000.00, 4, -47.65
2024-05-24, 10:19:30.356210, 1620000000, 1625000000, 5000000.00, 4, -49.69
2024-05-24, 10:19:30.356210, 1630000000, 1635000000, 5000000.00, 4, -45.54
2024-05-24, 10:19:30.356210, 1625000000, 1630000000, 5000000.00, 4, -45.54
2024-05-24, 10:19:30.356210, 1635000000, 1640000000, 5000000.00, 4, -49.69
2024-05-24, 10:19:30.356210, 1640000000, 1645000000, 5000000.00, 4, -47.65
2024-05-24, 10:19:30.356210, 1650000000, 1655000000, 5000000.00, 4, -47.65
2024-05-24, 10:19:30.356210, 1645000000, 1650000000, 5000000.00, 4, -45.54
2024-05-24, 10:19:30.356210, 1655000000, 1660000000, 5000000.00, 4, -49.69
2024-05-24, 10:19:30.356210, 1660000000, 1665000000, 5000000.00, 4, -49.69
2024-05-24, 10:19:30.356210, 1670000000, 1675000000, 5000000.00, 4, -49.69
2024-05-24, 10:19:30.356210, 1665000000, 1670000000, 5000000.00, 4, -49.69
2024-05-24, 10:19:30.356210, 1675000000, 1680000000, 5000000.00, 4, -45.54
2024-05-24, 10:19:30.356210, 1680000000, 1685000000, 5000000.00, 4, -47.65
2024-05-24, 10:19:30.356210, 1690000000, 1695000000, 5000000.00, 4, -47.65
2024-05-24, 10:19:30.356210, 1685000000, 1690000000, 5000000.00, 4, -49.69
2024-05-24, 10:19:30.356210, 1695000000, 1700000000, 5000000.00, 4, -49.69
2024-05-24, 10:19:30.356210, 1700000000, 1705000000, 5000000.00, 4, -45.54
2024-05-24, 10:19:30.356210, 1710000000, 1715000000, 5000000.00, 4, -49.69
2024-05-24, 10:19:30.356210, 1705000000, 1710000000, 5000000.00, 4, -49.69
2024-05-24, 10:19:30.356210, 1715000000, 1720000000, 5000000.00, 4, -45.54
2024-05-24, 10:19:30.356210, 1720000000, 1725000000, 5000000.00, 4, -47.65
2024-05-24, 10:19:30.356210, 1730000000, 1735000000, 5000000.00, 4, -47.65
2024-05-24, 10:19:30.356210, 1725000000, 1730000000, 5000000.00, 4, -47.65
2024-05-24, 10:19:30.356210, 1735000000, 1740000000, 5000000.00, 4, -47.65
2024-05-24, 10:19:30.356210, 1740000000, 1745000000, 5000000.00, 4, -49.69
2024-05-24, 10:19:30.356210, 1750000000, 1755000000, 5000000.00, 4, -49.69
2024-05-24, 10:19:30.356210, 1745000000, 1750000000, 5000000.00, 4, -45.54
2024-05-24, 10:19:30.356210, 1755000000, 1760000000, 5000000.00, 4, -49.69
2024-05-24, 10:19:30.356210, 1760000000, 1765000000, 5000000.00, 4, -47.65
2024-05-24, 10:19:30.356210, 1770000000, 1775000000, 5000000.00, 4, -47.65
2024-05-24, 10:19:30.356210, 1765000000, 1770000000, 5000000.00, 4, -47.65
2024-05-24, 10:19:30.356210, 1775000000, 1780000000, 5000000.00, 4, -47.65
2024-05-24, 10:19:30.356210, 1780000000, 1785000000, 5000000.00, 4, -49.69
2024-05-24, 10:19:30.356210, 1790000000, 1795000000, 5000000.00, 4, -49.69
2024-05-24, 10:19:30.356210, 1785000000, 1790000000, 5000000.00, 4, -46.68
2024-05-24, 10:19:30.356210, 1795000000, 1800000000, 5000000.00, 4, -42.53
2024-05-24, 10:19:30.356210, 1800000000, 1805000000, 5000000.00, 4, -44.13
2024-05-24, 10:19:30.356210, 1810000000, 1815000000, 5000000.00, 4, -53.67
2024-05-24, 10:19:30.356210, 1805000000, 1810000000, 5000000.00, 4, -45.54
2024-05-24, 10:19:30.356210, 1815000000, 1820000000, 5000000.00, 4, -42.70
2024-05-24, 10:19:30.356210, 1820000000, 1825000000, 5000000.00, 4, -40.56
2024-05-24, 10:19:30.356210, 1830000000, 1835000000, 5000000.00, 4, -42.70
2024-05-24, 10:19:30.356210, 1825000000, 1830000000, 5000000.00, 4, -53.67
2024-05-24, 10:19:30.356210, 1835000000, 1840000000, 5000000.00, 4, -42.53
2024-05-24, 10:19:30.356210, 1840000000, 1845000000, 5000000.00, 4, -45.54
2024-05-24, 10:19:30.356210, 1850000000, 1855000000, 5000000.00, 4, -45.54
2024-05-24, 10:19:30.356210, 1845000000, 1850000000, 5000000.00, 4, -45.54
2024-05-24, 10:19:30.356210, 1855000000, 1860000000, 5000000.00, 4, -56.68
2024-05-24, 10:19:30.356210, 1860000000, 1865000000, 5000000.00, 4, -41.00
2024-05-24, 10:19:30.356210, 1870000000, 1875000000, 5000000.00, 4, -49.69
2024-05-24, 10:19:30.356210, 1865000000, 1870000000, 5000000.00, 4, -inf
2024-05-24, 10:19:30.356210, 1875000000, 1880000000, 5000000.00, 4, -43.67
2024-05-24, 10:19:30.356210, 1880000000, 1885000000, 5000000.00, 4, -49.69
2024-05-24, 10:19:30.356210, 1890000000, 1895000000, 5000000.00, 4, -49.69
2024-05-24, 10:19:30.356210, 1885000000, 1890000000, 5000000.00, 4, -49.69
2024-05-24, 10:19:30.356210, 1895000000, 1900000000, 5000000.00, 4, -45.54
